1 0 0.7915085608514577
1 1 0.0
1 2 0.27080055529847297
1 3 0.8138593243868579
1 4 0.25104118463674224
1 5 0.0024294308190652477
1 6 0.4377834335955576
1 7 0.20455807496529385
1 8 0.1715178158260065
1 9 0.2646459972235077
1 10 0.2638361869504859
1 11 0.17427117075428045
1 12 0.14414622859787135
1 13 0.16617306802406295
1 14 0.06527070800555299
1 15 0.0009717723276260991
1 16 0.012633040259139288
1 17 0.014576584914391486
1 18 0.0451874132346136
1 19 0.03044886626561777
1 20 0.016682091624248035
1 21 0.02073114298935678
1 22 0.029477093937991673
1 23 0.05053216103655715
1 24 0.01781582600647848
1 25 0.01911152244331328
1 26 0.12811198519204073
1 27 0.029315131883387323
1 28 0.12681628875520592
1 29 0.07336881073577048
1 30 0.18836186950485886
1 32 0.10511337343822305
1 33 0.4534937528921795
1 34 0.27063859324386863
1 35 0.33947246645071727
1 36 0.40053216103655714
1 37 0.3614993058769088
1 38 0.10316982878297085
1 39 0.08000925497454882
1 40 0.19905136510874596
1 41 0.06575659416936604
1 42 0.01052753354928274
1 43 0.04453956501619621
1 44 0.02267468764460898
1 45 0.04729291994447015
1 46 0.013118926422952338
1 47 0.028829245719574275
1 48 0.05118000925497455
1 49 0.005668671911152245
1 50 0.0
1 51 0.028667283664969925
1 52 0.04745488199907451
1 53 0.09167052290606201
1 54 0.08843128181397501
2 0 0.705057451253482
2 1 0.36340529247910863
2 2 0.0
2 3 0.4608373955431755
2 4 0.6288300835654596
2 5 0.0023763927576601674
2 6 0.42701949860724236
2 7 0.5500435236768803
2 8 0.2705431754874652
2 9 0.21661733983286907
2 10 0.16945508356545963
2 11 0.11808844011142061
2 12 0.09743210306406686
2 13 0.07513057103064068
2 14 0.08774373259052926
2 15 0.0
2 16 0.002559192200557103
2 17 0.00676357938718663
2 18 0.04112987465181059
2 19 0.005301183844011142
2 20 0.008408774373259055
2 21 0.01444115598885794
2 22 0.013709958217270194
2 23 0.04643105849582173
2 24 0.021753133704735375
2 25 0.009139972144846797
2 26 0.09012012534818942
2 27 0.1073032729805014
2 28 0.03783948467966574
2 29 0.10437848189415042
2 30 0.14258356545961004
2 32 0.12594881615598885
2 33 0.46193419220055715
2 34 0.584958217270195
2 35 0.49538649025069637
2 36 0.3688892757660167
2 37 0.3092966573816156
2 38 0.20985376044568246
2 39 0.13764798050139276
2 40 0.09798050139275767
2 41 0.07184018105849582
2 42 0.02376392757660167
2 43 0.04697945682451254
2 44 0.029979108635097493
2 45 0.03272110027855153
2 46 0.016451949860724235
2 47 0.028699512534818943
2 48 0.04661385793871867
2 49 0.005118384401114206
2 50 0.004569986072423399
2 51 0.009688370473537605
2 52 0.05429143454038997
2 53 0.09834610027855153
2 54 0.12978760445682452
3 0 0.716454701343241
3 1 0.7910260074306945
3 2 0.23346670477279224
3 3 0.0
3 4 0.42822234924264074
3 5 0.0018005144326950558
3 6 0.5329522720777365
3 7 0.17840097170620178
3 8 0.1465918833952558
3 9 0.19730637324949987
3 10 0.3432980851671907
3 11 0.24036867676478996
3 12 0.08222349242640756
3 13 0.13518862532152046
3 14 0.10503000857387826
3 15 0.0024006859102600744
3 16 0.013203772506430409
3 17 0.05206487567876536
3 18 0.034959988568162334
3 19 0.03616033152329237
3 20 0.02775793083738211
3 21 0.026707630751643327
3 22 0.03135895970277222
3 23 0.034359817090597315
3 24 0.04186196056016005
3 25 0.0340597313518148
3 26 0.14164046870534439
3 27 0.052214918548156616
3 28 0.055065733066590454
3 29 0.1243855387253501
3 30 0.13143755358673906
3 32 0.20855958845384398
3 33 0.46723349528436703
3 34 0.5095455844527008
3 35 0.25762360674478424
3 36 0.25672334952843673
3 37 0.31178908259502713
3 38 0.14119034009717063
3 39 0.06946984852815091
3 40 0.13578879679908545
3 41 0.022356387539296946
3 42 0.023106601886253218
3 43 0.040811660474421266
3 44 0.024156901971992
3 45 0.03240925978851101
3 46 0.02385681623320949
3 47 0.016354672763646758
3 48 0.02130608745355816
3 49 0.008852529294084024
3 50 0.003901114604172621
3 51 0.0208559588453844
3 52 0.03946127464989997
3 53 0.050564446984852816
3 54 0.08777507859388398
4 0 0.6411954765751212
4 1 0.19461007490086651
4 2 0.5998678220002938
4 3 0.543736231458364
4 4 0.0
4 5 0.0033925686591276256
4 6 0.3099574093112058
4 7 0.22699368482890292
4 8 0.16068438830959025
4 9 0.22714789249522693
4 10 0.33385959759142314
4 11 0.23424144514613013
4 12 0.12166984872962255
4 13 0.1501982669995594
4 14 0.09298722279336173
4 15 0.006168306652959319
4 16 0.026986341606697016
4 17 0.05381847554707006
4 18 0.04333235423703922
4 19 0.029145248935232782
4 20 0.012953443971214569
4 21 0.04055661624320752
4 22 0.021126450286385667
4 23 0.023593772947569393
4 24 0.03269202526068439
4 25 0.026523718607725073
4 26 0.08651050080775444
4 27 0.04286973123806727
4 28 0.028836833602584815
4 29 0.03793508591569981
4 30 0.11334263474812747
4 32 0.11473050374504333
4 33 0.3298501982669996
4 34 0.44288441768247905
4 35 0.226376854163607
4 36 0.2980834190042591
4 37 0.2963871346746953
4 38 0.2681671317374064
4 39 0.019892788955793803
4 40 0.07479071816713175
4 41 0.03377147892495227
4 42 0.017733881627258044
4 43 0.03485093258922015
4 44 0.0217432809516816
4 45 0.028528418269936847
4 46 0.030378910265824646
4 47 0.01865912762520194
4 48 0.05381847554707006
4 49 0.021589073285357616
4 50 0.012953443971214569
4 51 0.032537817594360405
4 52 0.17271258628286093
4 53 0.1731752092818329
4 54 0.20571302687619328
5 0 0.0
5 1 0.0
5 2 0.0
5 3 0.0
5 4 0.0
5 5 0.0
5 6 0.0
5 7 0.0
5 8 0.0
5 9 0.0
5 10 0.0
5 11 0.0
5 12 0.0
5 13 0.0
5 14 0.0
5 15 0.0
5 16 0.0
5 17 0.0
5 18 0.0
5 19 0.0
5 20 0.0
5 21 0.0
5 22 0.0
5 23 0.0
5 24 0.0
5 25 0.0
5 26 0.0
5 27 0.0
5 28 0.0
5 29 0.0
5 30 0.0
5 32 0.0
5 33 0.0
5 34 0.0
5 35 0.0
5 36 0.0
5 37 0.0
5 38 0.0
5 39 0.0
5 40 0.0
5 41 0.0
5 42 0.0
5 43 0.0
5 44 0.0
5 45 0.0
5 46 0.0
5 47 0.0
5 48 0.0
5 49 0.0
5 50 0.0
5 51 0.0
5 52 0.0
5 53 0.0
5 54 0.0
6 0 0.6035017106057556
6 1 0.5020728516804186
6 2 0.43910243509760516
6 3 0.6791507345542364
6 4 0.43128396055544377
6 5 0.0025357214731334273
6 6 0.0
6 7 0.639635741597907
6 8 0.21363453411149125
6 9 0.16545582612195614
6 10 0.6685852284161804
6 11 0.44015898571141077
6 12 0.13206882672569936
6 13 0.27089957737975445
6 14 0.1493962567921111
6 15 0.006127993560072449
6 16 0.011622056751861542
6 17 0.019229221171261825
6 18 0.04268464479774602
6 19 0.01584825920708392
6 20 0.004226202455222379
6 21 0.027892936204467703
6 22 0.025357214731334274
6 23 0.028315556449989936
6 24 0.015425638961561683
6 25 0.016693499698128396
6 26 0.09572348561078688
6 27 0.026413765345139867
6 28 0.05430670154960757
6 29 0.07226806198430269
6 30 0.07881867578989737
6 32 0.16524451599919504
6 33 0.2533608371905816
6 34 0.2265244515999195
6 35 0.2660394445562487
6 36 0.15531294022942244
6 37 0.1348158583215939
6 38 0.08515797947273095
6 39 0.05071442946266855
6 40 0.06592875830146912
6 41 0.06001207486415778
6 42 0.01014288589253371
6 43 0.015003018716039445
6 44 0.02577983497685651
6 45 0.04374119541155162
6 46 0.03338699939625679
6 47 0.010565506138055947
6 48 0.009931575769772591
6 49 0.018595290802978465
6 50 0.013523847856711612
6 51 0.03211913865969008
6 52 0.143902193600322
6 53 0.1996880660092574
6 54 0.16630106661300062
7 0 0.593793103448276
7 1 0.2613904338153504
7 2 0.5490600667408232
7 3 0.35646273637374865
7 4 0.33205228031145717
7 5 0.002452725250278087
7 6 0.6713459399332592
7 7 0.0
7 8 0.43051167964404896
7 9 0.5672803114571747
7 10 0.6171523915461624
7 11 0.3137152391546163
7 12 0.14062291434927698
7 13 0.21583982202447166
7 14 0.1621134593993326
7 15 0.002803114571746385
7 16 0.0032703003337041163
7 17 0.00560622914349277
7 18 0.03702447163515017
7 19 0.004788654060066741
7 20 0.007358175750834261
7 21 0.00782536151279199
7 22 0.009577308120133483
7 23 0.03702447163515017
7 24 0.028264738598442717
7 25 0.028615127919911016
7 26 0.07988876529477197
7 27 0.009110122358175751
7 28 0.037842046718576196
7 29 0.03760845383759733
7 30 0.04111234705228031
7 32 0.10710233592880979
7 33 0.26022246941045607
7 34 0.3521412680756396
7 35 0.33170189098998887
7 36 0.11656284760845384
7 37 0.14202447163515017
7 38 0.07054505005561736
7 39 0.03947719688542826
7 40 0.03830923248053393
7 41 0.002452725250278087
7 42 0.00011679644048943271
7 43 0.009226918798665185
7 44 0.0
7 45 0.03620689655172414
7 46 0.014599555061179088
7 47 0.0
7 48 0.04379866518353726
7 49 0.00011679644048943271
7 50 0.0
7 51 0.003971078976640712
7 52 0.057931034482758624
7 53 0.08093993325917687
7 54 0.32165739710789765
8 0 0.4943938390195429
8 1 0.24571878105332892
8 2 0.337015568068897
8 3 0.2994534614110633
8 4 0.27110798277575354
8 5 0.003304074196753892
8 6 0.23563265982113285
8 7 0.4323120238489566
8 8 0.0
8 9 0.5114359059291156
8 10 0.49300264988406756
8 11 0.308148393507784
8 12 0.13198906922822126
8 13 0.19928784365684002
8 14 0.18381086452467707
8 15 0.0
8 16 0.0
8 17 0.0
8 18 0.0034779728386883074
8 19 0.0
8 20 0.0005216959258032462
8 21 0.0008694932096720768
8 22 0.0008694932096720768
8 23 0.006955945677376615
8 24 0.0001738986419344154
8 25 0.0
8 26 0.05286518714806227
8 27 0.0036518714806227227
8 28 0.0067820470354422
8 29 0.0293888704869162
8 30 0.037040410732030474
8 32 0.0497350115932428
8 33 0.14990062934746606
8 34 0.2090261676051673
8 35 0.29006293474660483
8 36 0.08364524677045379
8 37 0.13320635972176217
8 38 0.029562769128850613
8 39 0.005564756541901293
8 40 0.05616926134481617
8 41 0.019998343822457767
8 42 0.0
8 43 0.0
8 44 0.0
8 45 0.0010433918516064924
8 46 0.0001738986419344154
8 47 0.0003477972838688308
8 48 0.06364690294799602
8 49 0.021215634315998676
8 50 0.0
8 51 0.004695263332229215
8 52 0.4528320635972176
8 53 0.34362371646240475
8 54 0.6135144087446174
9 0 0.23662833017906537
9 1 0.3181030717717281
9 2 0.08453195516086767
9 3 0.2746906391032174
9 4 0.23999126510409086
9 5 0.0018343281409229873
9 6 0.01574464987625564
9 7 0.6655553937982239
9 8 0.5104018052118212
9 9 0.0
9 10 0.6976561362643763
9 11 0.36931139903916144
9 12 0.02751492211384481
9 13 0.030572135682049792
9 14 0.04218954724122871
9 15 0.0
9 16 0.00015286067841024895
9 17 0.0
9 18 0.00045858203523074684
9 19 0.0
9 20 0.0
9 21 0.00015286067841024895
9 22 0.0
9 23 0.0
9 24 0.0
9 25 0.00015286067841024895
9 26 0.00856019799097394
9 27 0.0
9 28 0.0
9 29 0.00015286067841024895
9 30 0.0003057213568204979
9 32 0.03317076721502402
9 33 0.04906827776968991
9 34 0.2104891541709128
9 35 0.13314165089532684
9 36 0.046469646236715685
9 37 0.09997088368030282
9 38 0.0010700247488717425
9 39 0.00015286067841024895
9 40 0.0
9 41 0.0006114427136409958
9 42 0.0
9 43 0.0
9 44 0.00015286067841024895
9 45 0.0
9 46 0.0
9 47 0.0
9 48 0.0012228854272819916
9 49 0.00045858203523074684
9 50 0.0
9 51 0.0003057213568204979
9 52 0.11754986169748144
9 53 0.13589314310671133
9 54 0.47111661086038725
10 0 0.50571243336695
10 1 0.24430917735196658
10 2 0.12767612735917017
10 3 0.480600777985881
10 4 0.326148969889065
10 5 0.001966575421409019
10 6 0.6043437545022331
10 7 0.4972410315516496
10 8 0.33794842241751916
10 9 0.5064688085290304
10 10 0.0
10 11 0.681342746002017
10 12 0.1939345915574125
10 13 0.3132905921336983
10 14 0.3076934159343034
10 15 0.014219853047111368
10 16 0.014976228209191759
10 17 0.0037818758104019596
10 18 0.022691254862411754
10 19 0.0
10 20 0.0001512750324160784
10 21 0.006353551361475292
10 22 0.021783604667915287
10 23 0.006353551361475292
10 24 0.002874225615905489
10 25 0.006656101426307449
10 26 0.04114680881717332
10 27 0.023296354992076072
10 28 0.07170436536522115
10 29 0.0762426163377035
10 30 0.05067713585938626
10 32 0.08925226912548624
10 33 0.14098833021178506
10 34 0.1974139173029823
10 35 0.14265235556836192
10 36 0.15218268261057485
10 37 0.16564616049560582
10 38 0.08531911828266821
10 39 0.026473130672813715
10 40 0.06217403832300822
10 41 0.0006051001296643136
10 42 0.0
10 43 0.005748451231810978
10 44 0.003025500648321568
10 45 0.011043077366373721
10 46 0.00045382509724823517
10 47 0.0062022763290592135
10 48 0.053702636507707825
10 49 0.005143351102146665
10 50 0.0016640253565768622
10 51 0.01603515343610431
10 52 0.16246938481486817
10 53 0.1559645584209768
10 54 0.14719060654084426
11 0 0.33068029240638525
11 1 0.09759063106071908
11 2 0.04903028494703864
11 3 0.3855064896315083
11 4 0.21178576756676115
11 5 0.0023496941667909893
11 6 0.38816947635387145
11 7 0.20097717439952262
11 8 0.19016858123228406
11 9 0.2888557362375056
11 10 0.7468894524839625
11 11 0.0
11 12 0.6662166194241385
11 13 0.8042219901536626
11 14 0.698485752648068
11 15 0.028509622557064
11 16 0.08568551394897807
11 17 0.07174399522601821
11 18 0.1315828733402954
11 19 0.025376697001342683
11 20 0.0020364016112188574
11 21 0.0073623750559451
11 22 0.026473220945845144
11 23 0.0007832313889303298
11 24 0.007832313889303298
11 25 0.0014098165000745934
11 26 0.0073623750559451
11 27 0.0012531702222885275
11 28 0.004856034611368044
11 29 0.008615545278233626
11 30 0.021617186334477102
11 32 0.04762046844696405
11 33 0.1159182455616888
11 34 0.04464418916902879
11 35 0.10949574817246009
11 36 0.10088020289422647
11 37 0.045584066835745195
11 38 0.014881396389676265
11 39 0.0003132925555721319
11 40 0.005639266000298375
11 41 0.0012531702222885275
11 42 0.0
11 43 0.0003132925555721319
11 44 0.00015664627778606594
11 45 0.0003132925555721319
11 46 0.0006265851111442637
11 47 0.0
11 48 0.005639266000298375
11 49 0.0017231090556467255
11 50 0.0003132925555721319
11 51 0.005325973444726242
11 52 0.15006713411905118
11 53 0.03775175294644189
11 54 0.08552886767119201
12 0 0.41919087136929467
12 1 0.27261410788381746
12 2 0.07188796680497926
12 3 0.10736514522821577
12 4 0.23558091286307056
12 5 0.002178423236514523
12 6 0.12977178423236516
12 7 0.11607883817427386
12 8 0.05881742738589212
12 9 0.18516597510373442
12 10 0.3326763485477178
12 11 0.8670124481327801
12 12 0.0
12 13 0.849585062240664
12 14 0.7696058091286306
12 15 0.021784232365145227
12 16 0.04045643153526971
12 17 0.03516597510373444
12 18 0.09740663900414938
12 19 0.00031120331950207467
12 20 0.0
12 21 0.0
12 22 0.00031120331950207467
12 23 0.0
12 24 0.0009336099585062241
12 25 0.0
12 26 0.0006224066390041493
12 27 0.00031120331950207467
12 28 0.0
12 29 0.0040456431535269705
12 30 0.0
12 32 0.00031120331950207467
12 33 0.020228215767634856
12 34 0.010269709543568465
12 35 0.007780082987551867
12 36 0.015560165975103735
12 37 0.0018672199170124482
12 38 0.003112033195020747
12 39 0.0
12 40 0.0
12 41 0.0
12 42 0.0
12 43 0.0
12 44 0.0
12 45 0.0
12 46 0.0
12 47 0.0
12 48 0.0
12 49 0.0
12 50 0.0
12 51 0.0
12 52 0.023340248962655602
12 53 0.020850622406639003
12 54 0.2505186721991701
13 0 0.41102564102564104
13 1 0.21615384615384614
13 2 0.047692307692307694
13 3 0.24076923076923076
13 4 0.22871794871794873
13 5 0.001282051282051282
13 6 0.3525641025641026
13 7 0.20025641025641025
13 8 0.14794871794871794
13 9 0.13589743589743591
13 10 0.47179487179487184
13 11 0.8569230769230769
13 12 0.7843589743589744
13 13 0.0
13 14 0.5635897435897436
13 15 0.043333333333333335
13 16 0.1017948717948718
13 17 0.19153846153846155
13 18 0.14487179487179488
13 19 0.04948717948717949
13 20 0.016153846153846154
13 21 0.03538461538461538
13 22 0.07717948717948718
13 23 0.03
13 24 0.041025641025641026
13 25 0.013333333333333334
13 26 0.030512820512820515
13 27 0.0071794871794871795
13 28 0.021025641025641025
13 29 0.05102564102564103
13 30 0.06615384615384616
13 32 0.03717948717948718
13 33 0.05333333333333334
13 34 0.03794871794871795
13 35 0.11333333333333334
13 36 0.03769230769230769
13 37 0.05153846153846154
13 38 0.03615384615384616
13 39 0.0074358974358974365
13 40 0.012564102564102564
13 41 0.008717948717948718
13 42 0.0
13 43 0.004615384615384616
13 44 0.0
13 45 0.002307692307692308
13 46 0.0
13 47 0.0002564102564102564
13 48 0.008974358974358974
13 49 0.002307692307692308
13 50 0.006666666666666667
13 51 0.0056410256410256415
13 52 0.09512820512820513
13 53 0.13461538461538464
13 54 0.1376923076923077
14 0 0.005646328852119959
14 1 0.0006514994829369184
14 2 0.0008686659772492244
14 3 0.02758014477766288
14 4 0.00890382626680455
14 5 0.0004343329886246122
14 6 0.012595656670113753
14 7 0.008686659772492245
14 8 0.027362978283350572
14 9 0.017156153050672182
14 10 0.348335056876939
14 11 0.7835367114788004
14 12 0.6395553257497415
14 13 0.5059979317476732
14 14 0.0
14 15 0.18632885211995864
14 16 0.4217373319544985
14 17 0.3075077559462255
14 18 0.5090382626680455
14 19 0.05298862461220269
14 20 0.1342088934850052
14 21 0.010641158221303
14 22 0.11531540847983456
14 23 0.0058634953464322655
14 24 0.06471561530506721
14 25 0.0002171664943123061
14 26 0.016721820062047574
14 27 0.0004343329886246122
14 28 0.0
14 29 0.0004343329886246122
14 30 0.0002171664943123061
14 32 0.0
14 33 0.0002171664943123061
14 34 0.0010858324715615306
14 35 0.0006514994829369184
14 36 0.0002171664943123061
14 37 0.0
14 38 0.0
14 39 0.0
14 40 0.0
14 41 0.0
14 42 0.0
14 43 0.0
14 44 0.0
14 45 0.0
14 46 0.0
14 47 0.0
14 48 0.0
14 49 0.0
14 50 0.0
14 51 0.0
14 52 0.013247156153050672
14 53 0.0013029989658738367
14 54 0.0013029989658738367
15 0 0.0034474671669793623
15 1 0.0
15 2 0.0
15 3 0.0
15 4 0.0
15 5 0.0
15 6 0.0
15 7 0.0004924953095684804
15 8 0.0
15 9 0.0
15 10 0.0009849906191369607
15 11 0.0034474671669793623
15 12 0.0004924953095684804
15 13 0.0004924953095684804
15 14 0.31470450281425894
15 15 0.0
15 16 0.2733348968105066
15 17 0.051219512195121955
15 18 0.6323639774859288
15 19 0.001477485928705441
15 20 0.018222326454033773
15 21 0.003939962476547843
15 22 0.003939962476547843
15 23 0.001477485928705441
15 24 0.005909943714821764
15 25 0.0034474671669793623
15 26 0.003939962476547843
15 27 0.002462476547842402
15 28 0.0
15 29 0.0
15 30 0.001477485928705441
15 32 0.0
15 33 0.0
15 34 0.0
15 35 0.0
15 36 0.0
15 37 0.0
15 38 0.0
15 39 0.0
15 40 0.0
15 41 0.0
15 42 0.0
15 43 0.0
15 44 0.0
15 45 0.0
15 46 0.0
15 47 0.0
15 48 0.0
15 49 0.0
15 50 0.0
15 51 0.0
15 52 0.0
15 53 0.0
15 54 0.0004924953095684804
16 0 0.010115937295885044
16 1 0.0
16 2 0.0
16 3 0.00017145656433703463
16 4 0.0010287393860222078
16 5 0.0
16 6 0.0
16 7 0.0
16 8 0.00017145656433703463
16 9 0.0
16 10 0.0006858262573481385
16 11 0.11607609405617245
16 12 0.015602547354670152
16 13 0.1015022860875245
16 14 0.7154882429784455
16 15 0.3254245591116917
16 16 0.0
16 17 0.54986120182887
16 18 0.7146309601567603
16 19 0.3459993468321359
16 20 0.3808050293925539
16 21 0.207976812540823
16 22 0.39092096668843895
16 23 0.31205094709340303
16 24 0.3249101894186806
16 25 0.10475996080992815
16 26 0.2609568909209667
16 27 0.0036005878510777275
16 28 0.0025718484650555195
16 29 0.0010287393860222078
16 30 0.009773024167210974
16 32 0.0
16 33 0.0
16 34 0.00017145656433703463
16 35 0.0
16 36 0.0
16 37 0.0
16 38 0.00017145656433703463
16 39 0.0
16 40 0.0
16 41 0.0
16 42 0.0
16 43 0.0
16 44 0.0
16 45 0.0
16 46 0.0
16 47 0.0
16 48 0.0
16 49 0.0
16 50 0.0
16 51 0.0
16 52 0.0
16 53 0.0
16 54 0.0
17 0 0.03194117647058824
17 1 0.0
17 2 0.0
17 3 0.0019411764705882354
17 4 0.0005294117647058824
17 5 0.0
17 6 0.0
17 7 0.0
17 8 0.0
17 9 0.0
17 10 0.0
17 11 0.004941176470588236
17 12 0.001764705882352941
17 13 0.027529411764705882
17 14 0.2553529411764706
17 15 0.05188235294117648
17 16 0.30900000000000005
17 17 0.0
17 18 0.37341176470588233
17 19 0.5258823529411765
17 20 0.6038823529411765
17 21 0.45829411764705885
17 22 0.19182352941176473
17 23 0.3026470588235294
17 24 0.06794117647058824
17 25 0.010764705882352942
17 26 0.02735294117647059
17 27 0.002823529411764706
17 28 0.0021176470588235297
17 29 0.001588235294117647
17 30 0.001411764705882353
17 32 0.0
17 33 0.0
17 34 0.00017647058823529413
17 35 0.0
17 36 0.0
17 37 0.00017647058823529413
17 38 0.00017647058823529413
17 39 0.0
17 40 0.0
17 41 0.0
17 42 0.0
17 43 0.0
17 44 0.0
17 45 0.0
17 46 0.0
17 47 0.0
17 48 0.0
17 49 0.0
17 50 0.0
17 51 0.0
17 52 0.0
17 53 0.0
17 54 0.00035294117647058826
18 0 0.005055600137567351
18 1 0.00036111429554052505
18 2 0.00036111429554052505
18 3 0.00036111429554052505
18 4 0.0007222285910810501
18 5 0.0
18 6 0.00024074286369368337
18 7 0.00048148572738736673
18 8 0.00036111429554052505
18 9 0.00024074286369368337
18 10 0.00024074286369368337
18 11 0.03791700103175513
18 12 0.0007222285910810501
18 13 0.003370400091711567
18 14 0.38338301043219075
18 15 0.206798119912874
18 16 0.25831709274332226
18 17 0.23231686346440447
18 18 0.0
18 19 0.04333371546486301
18 20 0.5551530436776339
18 21 0.7507566204287516
18 22 0.7850624785051015
18 23 0.6324315029233063
18 24 0.7275249340823111
18 25 0.3495586380832283
18 26 0.2518170354235928
18 27 0.021065000573197296
18 28 0.013000114639458903
18 29 0.0014444571821621002
18 30 0.0014444571821621002
18 32 0.00048148572738736673
18 33 0.0
18 34 0.00036111429554052505
18 35 0.00012037143184684168
18 36 0.00036111429554052505
18 37 0.00048148572738736673
18 38 0.00024074286369368337
18 39 0.00012037143184684168
18 40 0.0
18 41 0.0
18 42 0.0
18 43 0.0
18 44 0.0
18 45 0.0
18 46 0.0
18 47 0.0
18 48 0.0
18 49 0.0
18 50 0.0
18 51 0.0
18 52 0.00024074286369368337
18 53 0.0
18 54 0.0
19 0 0.09465808089969165
19 1 0.00019045891529113006
19 2 0.0
19 3 0.007046979865771812
19 4 0.00019045891529113006
19 5 0.0
19 6 0.0
19 7 0.00019045891529113006
19 8 0.0
19 9 0.0
19 10 0.0003809178305822601
19 11 0.05409033194268094
19 12 0.0003809178305822601
19 13 0.02514057681842917
19 14 0.2952113187012516
19 15 0.04818610556865591
19 16 0.534427716306911
19 17 0.8191637946671504
19 18 0.5205242154906584
19 19 0.0
19 20 0.45653001995283876
19 21 0.8412570288409215
19 22 0.5723290404498458
19 23 0.7789769635407219
19 24 0.2628333031017595
19 25 0.07351714130237622
19 26 0.5306185380010884
19 27 0.14474877562125885
19 28 0.053899873027389814
19 29 0.002475965898784691
19 30 0.018664973698530745
19 32 0.0013332124070379106
19 33 0.0
19 34 0.0009522945764556504
19 35 0.0
19 36 0.0
19 37 0.0003809178305822601
19 38 0.0003809178305822601
19 39 0.0
19 40 0.0
19 41 0.0
19 42 0.0
19 43 0.0
19 44 0.0
19 45 0.0
19 46 0.0
19 47 0.0
19 48 0.0
19 49 0.0
19 50 0.0
19 51 0.0
19 52 0.0
19 53 0.0
19 54 0.0
20 0 0.29738664284118826
20 1 0.010436676345767256
20 2 0.009967612240339513
20 3 0.021342416796962253
20 4 0.00492517310699129
20 5 0.00011726602635693546
20 6 0.0
20 7 0.0014071923162832253
20 8 0.00035179807907080633
20 9 0.00011726602635693546
20 10 0.0
20 11 0.00985034621398258
20 12 0.002345320527138709
20 13 0.014540987268259998
20 14 0.35543332588787135
20 15 0.20568461023006476
20 16 0.43153897699352245
20 17 0.5891445164172437
20 18 0.7289256198347108
20 19 0.3290484699575609
20 20 0.0
20 21 0.6473084654902836
20 22 0.7147364306455216
20 23 0.6810810810810811
20 24 0.6568070136251956
20 25 0.47410654456109
20 26 0.5210129551038643
20 27 0.23476658476658477
20 28 0.05804668304668305
20 29 0.010436676345767256
20 30 0.1095264686173777
20 32 0.02532946169309806
20 33 0.009615814161268707
20 34 0.01712083984811258
20 35 0.023805003350457897
20 36 0.016651775742684834
20 37 0.01805896805896806
20 38 0.027440250167522894
20 39 0.013368327004690641
20 40 0.051714317623408536
20 41 0.05183158364976547
20 42 0.02790931427295064
20 43 0.04374022783113693
20 44 0.04526468617377708
20 45 0.0479618047799866
20 46 0.03553160598615144
20 47 0.018645298190752738
20 48 0.03576613803886531
20 49 0.01184386866205048
20 50 0.010788474424838062
20 51 0.021107884744248382
20 52 0.0004690641054277418
20 53 0.0
20 54 0.0
21 0 0.6891493821712269
21 1 0.017144748455428068
21 2 0.007993159752868491
21 3 0.09684466019417476
21 4 0.09591791703442189
21 5 0.0005792144748455428
21 6 0.01922992056487202
21 7 0.009035745807590468
21 8 0.0005792144748455428
21 9 0.002316857899382171
21 10 0.007413945278022948
21 11 0.11839143865842897
21 12 0.0009267431597528685
21 13 0.10518534863195059
21 14 0.20249338040600176
21 15 0.1448036187113857
21 16 0.25612864077669906
21 17 0.5278960723742276
21 18 0.7481134157105032
21 19 0.4838757722859665
21 20 0.5533815092674317
21 21 0.0
21 22 0.7345597969991173
21 23 0.7172992056487202
21 24 0.6018038393645191
21 25 0.41251654898499557
21 26 0.6343556928508385
21 27 0.20909642541924098
21 28 0.14723631950573698
21 29 0.2268203883495146
21 30 0.05873234774933805
21 32 0.07622462488967344
21 33 0.007066416593115622
21 34 0.01946160635481024
21 35 0.05317188879082083
21 36 0.03371028243601059
21 37 0.039270741394527804
21 38 0.009151588702559577
21 39 0.0012742718446601942
21 40 0.00023168578993821714
21 41 0.0
21 42 0.0
21 43 0.0
21 44 0.0
21 45 0.0
21 46 0.0
21 47 0.0
21 48 0.0
21 49 0.0
21 50 0.0
21 51 0.0
21 52 0.0
21 53 0.0
21 54 0.0
22 0 0.6247649730643288
22 1 0.028171543255519172
22 2 0.01597126861730221
22 3 0.07286891306644132
22 4 0.03205344882222457
22 5 0.00011091158762015423
22 6 0.018744058307806063
22 7 0.013087567339178197
22 8 0.018300411957325447
22 9 0.0017745854019224677
22 10 0.03770993979085244
22 11 0.12655012147459596
22 12 0.014529417978240203
22 13 0.13387028625752614
22 14 0.29724305482201335
22 15 0.12965564592796028
22 16 0.3334002323861836
22 17 0.4247913805851907
22 18 0.7415548748283511
22 19 0.32508186331467204
22 20 0.6268722932291116
22 21 0.7167106792014366
22 22 0.0
22 23 0.782481250660188
22 24 0.8063272419985212
22 25 0.49621844301257
22 26 0.3865268828562375
22 27 0.2141702756945178
22 28 0.24633463610436254
22 29 0.21439209886975813
22 30 0.14074680468997572
22 32 0.14163409739093694
22 33 0.07619626069504595
22 34 0.05401394317101511
22 35 0.09604943487905356
22 36 0.03438259216224781
22 37 0.0811872821379529
22 38 0.03593535438892997
22 39 0.011645716700116193
22 40 0.017413119256364212
22 41 0.004658286680046478
22 42 0.00011091158762015423
22 43 0.00011091158762015423
22 44 0.0
22 45 0.0037709939790852437
22 46 0.0
22 47 0.0
22 48 0.00011091158762015423
22 49 0.0
22 50 0.0
22 51 0.0
22 52 0.0
22 53 0.00011091158762015423
22 54 0.0
23 0 0.7753184713375797
23 1 0.0804936305732484
23 2 0.08383757961783439
23 3 0.08515127388535032
23 4 0.054339171974522295
23 5 0.0007165605095541402
23 6 0.036544585987261145
23 7 0.07070063694267517
23 8 0.049323248407643315
23 9 0.0020302547770700637
23 10 0.02352707006369427
23 11 0.08682324840764331
23 12 0.008121019108280255
23 13 0.08598726114649682
23 14 0.17113853503184714
23 15 0.12647292993630574
23 16 0.29008757961783443
23 17 0.3890923566878981
23 18 0.6057324840764332
23 19 0.3539808917197452
23 20 0.4761544585987261
23 21 0.6051353503184713
23 22 0.7113057324840765
23 23 0.0
23 24 0.7248009554140128
23 25 0.3668789808917198
23 26 0.5851910828025478
23 27 0.37523885350318475
23 28 0.29462579617834395
23 29 0.2605891719745223
23 30 0.1699442675159236
23 32 0.16970541401273886
23 33 0.06843152866242039
23 34 0.13065286624203823
23 35 0.09673566878980892
23 36 0.07356687898089172
23 37 0.10843949044585988
23 38 0.035828025477707005
23 39 0.02710987261146497
23 40 0.026990445859872612
23 41 0.040366242038216565
23 42 0.0002388535031847134
23 43 0.0003582802547770701
23 44 0.0
23 45 0.0002388535031847134
23 46 0.0
23 47 0.0
23 48 0.0
23 49 0.0
23 50 0.0
23 51 0.0
23 52 0.0
23 53 0.0
23 54 0.019585987261146496
24 0 0.7664312315397457
24 1 0.014562732759727751
24 2 0.021035058430717863
24 3 0.09034287915757032
24 4 0.06688069860023114
24 5 0.000809040708873764
24 6 0.003910363426223193
24 7 0.026428663156542957
24 8 0.000404520354436882
24 9 0.006607165789135739
24 10 0.0021574418903300375
24 11 0.07375754462565816
24 12 0.03033902658276615
24 13 0.08589315525876462
24 14 0.22194683446770258
24 15 0.13457043790933607
24 16 0.2634775908565558
24 17 0.2916591755489919
24 18 0.5548670861692565
24 19 0.18972004623089764
24 20 0.40856555798125077
24 21 0.42204956979581354
24 22 0.6487158083986131
24 23 0.6434570437909337
24 24 0.0
24 25 0.6233658661872352
24 26 0.6620649800950302
24 27 0.3887440606138436
24 28 0.27669192243482726
24 29 0.14751508925131632
24 30 0.1484589700783357
24 32 0.07834210864260947
24 33 0.09007319892127905
24 34 0.03950815461666881
24 35 0.06553229741877488
24 36 0.07483626557082317
24 37 0.09492744317452165
24 38 0.0690381404905612
24 39 0.004314883780660075
24 40 0.03087838705534866
24 41 0.0041800436625144466
24 42 0.0021574418903300375
24 43 0.0041800436625144466
24 44 0.0
24 45 0.0
24 46 0.0
24 47 0.0
24 48 0.0
24 49 0.0
24 50 0.0
24 51 0.0
24 52 0.0
24 53 0.0
24 54 0.0
25 0 0.8166666666666668
25 1 0.03430521091811415
25 2 0.01621174524400331
25 3 0.1327336641852771
25 4 0.08091397849462366
25 5 0.0005789909015715467
25 6 0.013895781637717122
25 7 0.06050454921422664
25 8 0.0034739454094292804
25 9 0.02634408602150538
25 10 0.01751447477253929
25 11 0.019975186104218362
25 12 0.005500413564929694
25 13 0.049648469809760135
25 14 0.07541356492969396
25 15 0.1522746071133168
25 16 0.21900330851943756
25 17 0.21002894954507859
25 18 0.5284739454094294
25 19 0.14387923904052935
25 20 0.41687344913151364
25 21 0.4154259718775848
25 22 0.5092224979321754
25 23 0.4697063688999173
25 24 0.7927832919768404
25 25 0.0
25 26 0.8375103391232424
25 27 0.3825682382133995
25 28 0.6092431761786601
25 29 0.24520264681555007
25 30 0.25765095119933834
25 32 0.1728287841191067
25 33 0.10262613730355667
25 34 0.1043631100082713
25 35 0.10798180314309347
25 36 0.1490901571546733
25 37 0.06788668320926386
25 38 0.03546319272125724
25 39 0.01925144747725393
25 40 0.047477253928866835
25 41 0.0026054590570719605
25 42 0.005355665839536807
25 43 0.006658395368072788
25 44 0.00014474772539288668
25 45 0.00028949545078577337
25 46 0.0
25 47 0.0
25 48 0.00014474772539288668
25 49 0.0
25 50 0.0
25 51 0.0
25 52 0.0
25 53 0.0
25 54 0.0010132340777502069
26 0 0.7712389380530974
26 1 0.09424778761061947
26 2 0.06179941002949853
26 3 0.1541297935103245
26 4 0.08067846607669617
26 5 0.0008849557522123895
26 6 0.056637168141592927
26 7 0.060176991150442484
26 8 0.0471976401179941
26 9 0.08141592920353982
26 10 0.032300884955752215
26 11 0.037610619469026545
26 12 0.04247787610619469
26 13 0.052507374631268436
26 14 0.13362831858407082
26 15 0.06327433628318585
26 16 0.1836283185840708
26 17 0.1710914454277286
26 18 0.31696165191740416
26 19 0.1980825958702065
26 20 0.27728613569321536
26 21 0.4330383480825959
26 22 0.21268436578171093
26 23 0.4321533923303835
26 24 0.68023598820059
26 25 0.7343657817109145
26 26 0.0
26 27 0.34587020648967554
26 28 0.5864306784660767
26 29 0.38746312684365786
26 30 0.29233038348082596
26 32 0.2205014749262537
26 33 0.1224188790560472
26 34 0.09070796460176991
26 35 0.08303834808259589
26 36 0.17758112094395279
26 37 0.16710914454277287
26 38 0.06946902654867257
26 39 0.047787610619469026
26 40 0.04336283185840708
26 41 0.015486725663716814
26 42 0.017699115044247787
26 43 0.010029498525073746
26 44 0.0008849557522123895
26 45 0.015486725663716814
26 46 0.0016224188790560472
26 47 0.004424778761061947
26 48 0.00663716814159292
26 49 0.0007374631268436578
26 50 0.0
26 51 0.0
26 52 0.017699115044247787
26 53 0.03421828908554572
26 54 0.045722713864306784
27 0 0.7579597438243367
27 1 0.06852698993595607
27 2 0.13481244281793228
27 3 0.14634034766697165
27 4 0.10695333943275388
27 5 0.0012808783165599268
27 6 0.037785910338517845
27 7 0.034903934126258
27 8 0.03842634949679781
27 9 0.03618481244281793
27 10 0.06340347666971638
27 11 0.10407136322049405
27 12 0.03554437328453797
27 13 0.05539798719121684
27 14 0.09222323879231474
27 15 0.05059469350411711
27 16 0.05892040256175664
27 17 0.14441903019213173
27 18 0.2939615736505032
27 19 0.17900274473924976
27 20 0.18860933211344924
27 21 0.1966148215919488
27 22 0.24432753888380604
27 23 0.49505946935041173
27 24 0.647483989021043
27 25 0.367932296431839
27 26 0.683989021043001
27 27 0.0
27 28 0.45727355901189387
27 29 0.4053979871912169
27 30 0.3266239707227814
27 32 0.10823421774931381
27 33 0.1802836230558097
27 34 0.18732845379688928
27 35 0.1770814272644099
27 36 0.18700823421774931
27 37 0.12520585544373286
27 38 0.18252516010978959
27 39 0.02241537053979872
27 40 0.0893412625800549
27 41 0.030741079597438242
27 42 0.03586459286367795
27 43 0.035224153705397984
27 44 0.014409881061299179
27 45 0.002241537053979872
27 46 0.021454711802378776
27 47 0.009606587374199452
27 48 0.024977127172918574
27 49 0.0
27 50 0.0
27 51 0.0038426349496797807
27 52 0.0003202195791399817
27 53 0.0
27 54 0.01505032021957914
28 0 0.862359287054409
28 1 0.18480886491557225
28 2 0.06094629455909944
28 3 0.13272748592870542
28 4 0.06624061913696061
28 5 0.001231238273921201
28 6 0.07239681050656661
28 7 0.06267002814258912
28 8 0.03779901500938087
28 9 0.023147279549718576
28 10 0.10022279549718574
28 11 0.08901852720450282
28 12 0.003939962476547843
28 13 0.05909943714821764
28 14 0.08409357410881801
28 15 0.04530956848030019
28 16 0.0673487335834897
28 17 0.12620192307692307
28 18 0.24353893058161352
28 19 0.10157715759849906
28 20 0.06907246716697936
28 21 0.11130393996247656
28 22 0.2371364915572233
28 23 0.3261550187617261
28 24 0.38660881801125707
28 25 0.612171669793621
28 26 0.7801125703564727
28 27 0.3261550187617261
28 28 0.0
28 29 0.3911643996247655
28 30 0.5445766885553471
28 32 0.26213062851782365
28 33 0.11019582551594748
28 34 0.2047549249530957
28 35 0.1838238742964353
28 36 0.1704033771106942
28 37 0.18049953095684804
28 38 0.08606355534709192
28 39 0.05085014071294559
28 40 0.09406660412757974
28 41 0.022162288930581617
28 42 0.01305112570356473
28 43 0.02610225140712946
28 44 0.008003048780487805
28 45 0.01403611632270169
28 46 0.006894934333958724
28 47 0.001723733583489681
28 48 0.005048076923076923
28 49 0.0001231238273921201
28 50 0.0
28 51 0.0
28 52 0.0001231238273921201
28 53 0.021423545966228894
28 54 0.037552767354596624
29 0 0.8667977528089889
29 1 0.0852808988764045
29 2 0.10179775280898877
29 3 0.24825842696629213
29 4 0.07870786516853932
29 5 0.0006741573033707865
29 6 0.07668539325842696
29 7 0.06050561797752809
29 8 0.04247191011235955
29 9 0.06134831460674158
29 10 0.09910112359550563
29 11 0.06387640449438202
29 12 0.05174157303370787
29 13 0.10078651685393258
29 14 0.04904494382022472
29 15 0.010112359550561797
29 16 0.04432584269662922
29 17 0.09404494382022473
29 18 0.11578651685393258
29 19 0.044662921348314615
29 20 0.03101123595505618
29 21 0.174438202247191
29 22 0.20814606741573033
29 23 0.3023595505617978
29 24 0.19230337078651685
29 25 0.17932584269662924
29 26 0.7055056179775281
29 27 0.38325842696629214
29 28 0.4048314606741573
29 29 0.0
29 30 0.545561797752809
29 32 0.5310674157303371
29 33 0.18252808988764044
29 34 0.19668539325842696
29 35 0.16331460674157305
29 36 0.19938202247191011
29 37 0.28162921348314607
29 38 0.12842696629213485
29 39 0.019887640449438203
29 40 0.08831460674157304
29 41 0.03606741573033708
29 42 0.008089887640449439
29 43 0.04685393258426967
29 44 0.004044943820224719
29 45 0.02898876404494382
29 46 0.004044943820224719
29 47 0.011123595505617978
29 48 0.0050561797752808986
29 49 0.005730337078651686
29 50 0.0
29 51 0.0
29 52 0.019719101123595505
29 53 0.037584269662921346
29 54 0.02848314606741573
30 0 0.8046728971962617
30 1 0.264235240483246
30 2 0.13666514702530205
30 3 0.2568155915204012
30 4 0.19745839981764304
30 5 0.0019147481194438114
30 6 0.07012764987462959
30 7 0.05528835194894006
30 8 0.04739001595623433
30 9 0.05648506952359243
30 10 0.058639161157966725
30 11 0.09095053567358104
30 12 0.03949167996352861
30 13 0.10794392523364486
30 14 0.03829496238887623
30 15 0.024413038522908593
30 16 0.052416229769774336
30 17 0.10028493275586961
30 18 0.17304536129473444
30 19 0.06462274903122864
30 20 0.0892751310690677
30 21 0.04140642808297242
30 22 0.12230453612947345
30 23 0.15916343742876682
30 24 0.2070321404148621
30 25 0.2010485525416002
30 26 0.5849555504900843
30 27 0.25490084340095737
30 28 0.5461819010713471
30 29 0.5358901299293367
30 30 0.0
30 32 0.4813198085251881
30 33 0.2630385229085936
30 34 0.2922384317301117
30 35 0.2941531798495555
30 36 0.3154547526783679
30 37 0.15772737633918396
30 38 0.1768748575336221
30 39 0.03207203100068384
30 40 0.06653749715067245
30 41 0.031832687485753366
30 42 0.03231137451561432
30 43 0.03590152723957146
30 44 0.019865511739229545
30 45 0.026567130157282882
30 46 0.019626168224299065
30 47 0.010052427627080009
30 48 0.03398677912012765
30 49 0.0
30 50 0.0
30 51 0.003590152723957146
30 52 0.0023934351493047645
30 53 0.03422612263505813
30 54 0.027763847731935264
31 0 0.8648260763804427
31 1 0.34416808562393575
31 2 0.13639017270737047
31 3 0.11863901727073706
31 4 0.1686998297251277
31 5 0.0010216492337630748
31 6 0.13358063731452202
31 7 0.05938336171247872
31 8 0.05146558015081489
31 9 0.13587934809048896
31 10 0.10139868645098517
31 11 0.05440282169788373
31 12 0.03614084164436877
31 13 0.05044393091705182
31 14 0.046868158598881056
31 15 0.016090975431768427
31 16 0.017878861590853806
31 17 0.038694964728776454
31 18 0.070110678666991
31 19 0.03703478472391146
31 20 0.048656044757966435
31 21 0.12017149112138167
31 22 0.05389199708100219
31 23 0.20599002675747996
31 24 0.1898990513257115
31 25 0.11787278034541475
31 26 0.36217465336900995
31 27 0.12247020189734859
31 28 0.42462296278277795
31 29 0.2753344684991486
31 30 0.2731634638774021
31 32 0.5877037217222087
31 33 0.17419119435660427
31 34 0.283763074677694
31 35 0.48221843833617123
31 36 0.28005959620530285
31 37 0.29691680856239355
31 38 0.19360252979810266
31 39 0.07649598637801022
31 40 0.145201897348577
31 41 0.03933349549987838
31 42 0.03282048163463878
31 43 0.03371442471418147
31 31 0.0
31 44 0.019283629287278035
31 45 0.004852833860374605
31 46 0.021837752371685722
31 47 0.01672950620287035
31 48 0.042398443201167604
31 49 0.00945025541230844
31 50 0.0
31 51 0.002171004621746534
31 52 0.016601800048649966
31 53 0.030266358550231087
31 54 0.050188518608611045
32 0 0.8153023722018042
32 1 0.14173070497828266
32 2 0.144537253591714
32 3 0.42098229201470094
32 4 0.18137320414300034
32 5 0.0010524557300367525
32 6 0.18909121282993652
32 7 0.12278650183762112
32 8 0.05367524223187438
32 9 0.1666388239224858
32 10 0.1564650851987972
32 11 0.15821917808219177
32 12 0.043150684931506846
32 13 0.07998663548279318
32 14 0.03718676912796526
32 15 0.0017540928833945876
32 16 0.00420982292014701
32 17 0.030170397594386906
32 18 0.07753090544604076
32 19 0.0361343133979285
32 20 0.05788506515202139
32 21 0.04595723354493819
32 22 0.12945205479452054
32 23 0.16172736384898098
32 24 0.08489809555629803
32 25 0.10489475442699632
32 26 0.48412963581690616
32 27 0.08454727697961911
32 28 0.30766789174741066
32 29 0.5188606749081189
32 30 0.49535583027063146
32 32 0.0
32 33 0.2732876712328767
32 34 0.6819913130638156
32 35 0.3725693284330104
32 36 0.2967925158703642
32 37 0.35011693952555967
32 38 0.08524891413297694
32 39 0.04665887069829603
32 40 0.051921149348479786
32 41 0.05963915803541597
32 42 0.02631139325091881
32 43 0.04139659204811227
32 44 0.020698296024056134
32 45 0.024206481790845308
32 46 0.02245238890745072
32 47 0.0003508185766789175
32 48 0.017540928833945875
32 49 0.0
32 50 0.0
32 51 0.0024557300367524224
32 52 0.029468760441029068
32 53 0.0361343133979285
32 54 0.06139325091881056
33 0 0.7708860759493672
33 1 0.6061313291139241
33 2 0.5125395569620254
33 3 0.7185522151898734
33 4 0.47958860759493677
33 5 0.0019382911392405065
33 6 0.2608386075949367
33 7 0.2647151898734177
33 8 0.12155854430379748
33 9 0.15893987341772153
33 10 0.19576740506329113
33 11 0.1857990506329114
33 12 0.08334651898734177
33 13 0.09829905063291139
33 14 0.0927610759493671
33 15 0.001661392405063291
33 16 0.011075949367088608
33 17 0.03793512658227849
33 18 0.040704113924050635
33 19 0.001384493670886076
33 20 0.03571993670886076
33 21 0.013014240506329114
33 22 0.06202531645569621
33 23 0.048734177215189876
33 24 0.0839003164556962
33 25 0.051780063291139246
33 26 0.21847310126582278
33 27 0.17223101265822785
33 28 0.09802215189873417
33 29 0.18967563291139242
33 30 0.244501582278481
33 32 0.21238132911392407
33 33 0.0
33 34 0.1619857594936709
33 35 0.22318037974683547
33 36 0.6471123417721518
33 37 0.19576740506329113
33 38 0.09054588607594938
33 39 0.14481803797468354
33 40 0.0728243670886076
33 41 0.041811708860759494
33 42 0.026859177215189874
33 43 0.0401503164556962
33 44 0.022705696202531645
33 45 0.036550632911392406
33 46 0.027412974683544304
33 47 0.006645569620253164
33 48 0.03599683544303797
33 49 0.013568037974683545
33 50 0.011075949367088608
33 51 0.014675632911392407
33 52 0.038488924050632915
33 53 0.05870253164556962
33 54 0.07199367088607594
34 0 0.8283252929014473
34 1 0.2855961405926947
34 2 0.4848380427291524
34 3 0.6073742246726396
34 4 0.4652997932460372
34 5 0.0014472777394900068
34 6 0.19369400413507928
34 7 0.3039283252929015
34 8 0.16185389386629911
34 9 0.2375947622329428
34 10 0.23325292901447278
34 11 0.12108890420399725
34 12 0.04365954514128188
34 13 0.06585113714679532
34 14 0.07308752584424535
34 15 0.002653342522398346
34 16 0.011578221915920055
34 17 0.044624396967608546
34 18 0.04631288766368022
34 19 0.03159889731219848
34 20 0.035940730530668506
34 21 0.01905582356995176
34 22 0.04269469331495521
34 23 0.08997243280496209
34 24 0.02894555478980014
34 25 0.04751895244658856
34 26 0.14014472777394898
34 27 0.12325982081323225
34 28 0.15847691247415577
34 29 0.15124052377670574
34 30 0.25013783597518957
34 32 0.5463473466574775
34 33 0.13966230186078568
34 34 0.0
34 35 0.6411440385940731
34 36 0.42164024810475537
34 37 0.2841488628532047
34 38 0.10854583046175052
34 39 0.12157133011716058
34 40 0.14569262577532735
34 41 0.05523776705720193
34 42 0.027015851137146798
34 43 0.037388008270158514
34 44 0.03111647139903515
34 45 0.04076498966230186
34 46 0.02677463818056513
34 47 0.019538249483115094
34 48 0.027015851137146798
34 49 0.018090971743625086
34 50 0.0
34 51 0.019538249483115094
34 52 0.04896623018607857
34 53 0.034734665747760164
34 54 0.06922811853893866
35 0 0.8024443885886641
35 1 0.316966193288928
35 2 0.36974990574337063
35 3 0.35246323991454065
35 4 0.23765866532612795
35 5 0.0013195928113610656
35 6 0.17115118763353024
35 7 0.26114741736835495
35 8 0.19318838758326
35 9 0.15967073017468897
35 10 0.1281324619831595
35 11 0.12747266557747897
35 12 0.04565791127309288
35 13 0.09408696745004398
35 14 0.058853839386703535
35 15 0.008181475430438607
35 16 0.001847429935905492
35 17 0.023488752042226974
35 18 0.02507226341586025
35 19 0.012140253864521805
35 20 0.02652381550835742
35 21 0.01939801432700767
35 22 0.04460223702400402
35 23 0.03510116878220435
35 24 0.03048259394244062
35 25 0.032989820284026646
35 26 0.07640442377780571
35 27 0.10306019856729923
35 28 0.09738594947844666
35 29 0.0902601482970969
35 30 0.20031418876460977
35 32 0.24293703657157223
35 33 0.15927485233128064
35 34 0.6330086716099033
35 35 0.0
35 36 0.5806208369988689
35 37 0.646204599723514
35 38 0.3487683800427297
35 39 0.21245444262913157
35 40 0.07851577227598341
35 41 0.06584768128691718
35 42 0.07270956390599473
35 43 0.08564157345733317
35 44 0.04671358552218173
35 45 0.04196305140128189
35 46 0.04790121905240669
35 47 0.027447530476310166
35 48 0.06334045494533115
35 49 0.01926605504587156
35 50 0.00884127183611914
35 51 0.02190524066859369
35 52 0.018078421515646603
35 53 0.046185748397637304
35 54 0.06452808847555612
36 0 0.7741046831955922
36 1 0.3196969696969697
36 2 0.2297520661157025
36 3 0.3041322314049587
36 4 0.2460055096418733
36 5 0.002066115702479339
36 6 0.07672176308539945
36 7 0.07300275482093664
36 8 0.05454545454545454
36 9 0.11570247933884298
36 10 0.13787878787878788
36 11 0.11942148760330579
36 12 0.05426997245179064
36 13 0.05041322314049587
36 14 0.048347107438016526
36 15 0.0
36 16 0.007300275482093665
36 17 0.013774104683195594
36 18 0.03333333333333333
36 19 0.0028925619834710746
36 20 0.021763085399449038
36 21 0.019146005509641875
36 22 0.02630853994490358
36 23 0.03581267217630854
36 24 0.03898071625344352
36 25 0.05151515151515152
36 26 0.23705234159779617
36 27 0.08457300275482095
36 28 0.0803030303030303
36 29 0.10592286501377411
36 30 0.1819559228650138
36 32 0.15426997245179064
36 33 0.47079889807162534
36 34 0.35550964187327827
36 35 0.5326446280991736
36 36 0.0
36 37 0.4268595041322314
36 38 0.39146005509641874
36 39 0.296969696969697
36 40 0.2128099173553719
36 41 0.22603305785123967
36 42 0.11680440771349863
36 43 0.23236914600550965
36 44 0.04972451790633609
36 45 0.07851239669421488
36 46 0.02727272727272727
36 47 0.0546831955922865
36 48 0.09118457300275483
36 49 0.008953168044077135
36 50 0.008677685950413223
36 51 0.03801652892561984
36 52 0.013223140495867768
36 53 0.03360881542699725
36 54 0.039531680440771357
37 0 0.777500647836227
37 1 0.2768528116092252
37 2 0.17740347240217674
37 3 0.33834542627623737
37 4 0.24433791137600416
37 5 0.0014965016843741903
37 6 0.07169603524229076
37 7 0.08353200310961388
37 8 0.07047162477325732
37 9 0.1341409691629956
37 10 0.14366416169992227
37 11 0.08176341020989894
37 12 0.03577999481731019
37 13 0.06285307074371599
37 14 0.059179839336615706
37 15 0.0
37 16 0.0013604560767038094
37 17 0.026937030318735428
37 18 0.03360326509458409
37 19 0.01169992225965276
37 20 0.01768592899714952
37 21 0.020406841150557138
37 22 0.03537185799429904
37 23 0.044486913708214566
37 24 0.04571132417724799
37 25 0.025440528634361234
37 26 0.19998704327546
37 27 0.04802409950764447
37 28 0.09183078517750713
37 29 0.14760948432236332
37 30 0.08720523451671418
37 32 0.18298134231666235
37 33 0.09822492873801504
37 34 0.1833894791396735
37 35 0.6010494946877429
37 36 0.39738922000518273
37 37 0.0
37 38 0.5643171806167401
37 39 0.45058305260430165
37 40 0.5413254729204457
37 41 0.19304871728427056
37 42 0.15101062451412284
37 43 0.2518204197978751
37 44 0.07536926664939105
37 45 0.11101321585903084
37 46 0.05999611298263799
37 47 0.058771702513604564
37 48 0.0741448561803576
37 49 0.05196942213008552
37 50 0.015645244882093807
37 51 0.03591604042498057
37 52 0.027209121534076185
37 53 0.04217413837781809
37 54 0.03537185799429904
38 0 0.7039741581832419
38 1 0.09346123727486297
38 2 0.13375097885669537
38 3 0.1826742364917776
38 4 0.24584964761158967
38 5 0.0009592795614722005
38 6 0.06235317149569303
38 7 0.05604933437744714
38 8 0.04700469851213782
38 9 0.06331245105716524
38 10 0.07783868441660141
38 11 0.06057165231010181
38 12 0.04892325763508223
38 13 0.061942051683633516
38 14 0.028367267032106503
38 15 0.001644479248238058
38 16 0.00027407987470634305
38 17 0.026037588097102583
38 18 0.028778386844166018
38 19 0.027270947533281128
38 20 0.029052466718872356
38 21 0.013155833985904464
38 22 0.026448707909162098
38 23 0.02302270947533281
38 24 0.04398981989036805
38 25 0.02206342991386061
38 26 0.08907595927956148
38 27 0.10922083007047768
38 28 0.05687157400156617
38 29 0.08496476115896634
38 30 0.11812842599843383
38 32 0.059064212999216915
38 33 0.0697533281127643
38 34 0.09346123727486297
38 35 0.34698512137823023
38 36 0.4351018010963195
38 37 0.6454581049334378
38 38 0.0
38 39 0.36329287392325765
38 40 0.8026429130775254
38 41 0.5984534064213
38 42 0.3578112764291308
38 43 0.472239624119029
38 44 0.12744714173844948
38 45 0.24680892717306188
38 46 0.19870790916209866
38 47 0.103876272513704
38 48 0.22351213782302273
38 49 0.10785043069694597
38 50 0.04275646045418951
38 51 0.14389193422083008
38 52 0.048238057948316364
38 53 0.03823414252153485
38 54 0.03425998433829288
39 0 0.6544738436679458
39 1 0.17114724298121592
39 2 0.21992526762270248
39 3 0.20698848717430823
39 4 0.0595940214098162
39 5 0.00042415673601292674
39 6 0.08143809331448193
39 7 0.08716420925065643
39 8 0.046869319329428394
39 9 0.06850131286608767
39 10 0.07995354473843669
39 11 0.04623308422540901
39 12 0.013785093920420119
39 13 0.05174712179357706
39 14 0.002332862048071097
39 15 0.0
39 16 0.0
39 17 0.0
39 18 0.0190870531205817
39 19 0.0
39 20 0.009119369824277924
39 21 0.018238739648555848
39 22 0.019935366592607556
39 23 0.03032720662492426
39 24 0.017602504544536456
39 25 0.023540698848717432
39 26 0.12342961017976166
39 27 0.027570187840840237
39 28 0.07825691779438498
39 29 0.02947889315289841
39 30 0.06086649161785498
39 32 0.06638052918602302
39 33 0.23222581296707737
39 34 0.25025247424762675
39 35 0.45830135326196725
39 36 0.5847000605938195
39 37 0.7494849525348415
39 38 0.6697434861644113
39 39 0.0
39 40 0.789991920824076
39 41 0.22374267824681884
39 42 0.35480710967481316
39 43 0.49393051908705315
39 44 0.25661482528782065
39 45 0.31175520096950116
39 46 0.09501110886689558
39 47 0.07974146637043021
39 48 0.19447586346192688
39 49 0.016117955968491214
39 50 0.02969097152090487
39 51 0.08122601494647545
39 52 0.032872147041001824
39 53 0.013148858816400728
39 54 0.03902241971318925
40 0 0.6004310344827586
40 1 0.2344396551724138
40 2 0.09066810344827586
40 3 0.22252155172413796
40 4 0.09474137931034482
40 5 0.0010560344827586208
40 6 0.05446120689655173
40 7 0.0472198275862069
40 8 0.05627155172413793
40 9 0.04540948275862069
40 10 0.0752801724137931
40 11 0.058232758620689655
40 12 0.043297413793103444
40 13 0.03786637931034483
40 14 0.046616379310344826
40 15 0.0
40 16 0.001206896551724138
40 17 0.03545258620689656
40 18 0.027155172413793106
40 19 0.0
40 20 0.06984913793103449
40 21 0.003017241379310345
40 22 0.017349137931034483
40 23 0.018254310344827586
40 24 0.027155172413793106
40 25 0.02579741379310345
40 26 0.0577801724137931
40 27 0.05325431034482759
40 28 0.07678879310344827
40 29 0.07362068965517242
40 30 0.06064655172413793
40 32 0.043297413793103444
40 33 0.06396551724137932
40 34 0.15387931034482757
40 35 0.11012931034482759
40 36 0.2914655172413793
40 37 0.6301508620689655
40 38 0.799719827586207
40 39 0.6304525862068966
40 40 0.0
40 41 0.39752155172413794
40 42 0.5209267241379311
40 43 0.7040732758620689
40 44 0.17786637931034482
40 45 0.42271551724137935
40 46 0.1704741379310345
40 47 0.18043103448275863
40 48 0.4035560344827586
40 49 0.1223491379310345
40 50 0.07724137931034483
40 51 0.15599137931034485
40 52 0.04390086206896552
40 53 0.012370689655172414
40 54 0.026250000000000002
41 0 0.5697048877958808
41 1 0.1210421149707962
41 2 0.13395327390101444
41 3 0.09570396557024285
41 4 0.09166922840454965
41 5 0.000645557946510913
41 6 0.103934829388257
41 7 0.0285659391331079
41 8 0.05471103596679988
41 9 0.1176529357516139
41 10 0.013556716876729174
41 11 0.08505225945281279
41 12 0.0004841684598831848
41 13 0.04954657239471257
41 14 0.015009222256378728
41 15 0.0
41 16 0.0
41 17 0.0
41 18 0.000645557946510913
41 19 0.0
41 20 0.07117276360282815
41 21 0.0017752843529050108
41 22 0.012588379956962803
41 23 0.03405318167845066
41 24 0.020173685828466032
41 25 0.003066400245926837
41 26 0.04744850906855211
41 27 0.030825391945896095
41 28 0.03227789732554565
41 29 0.044543498309253
41 30 0.0497079618813403
41 32 0.08924838610513373
41 33 0.06068244697202582
41 34 0.1228173993237012
41 35 0.1851137411620043
41 36 0.4000845373501384
41 37 0.41622348601291115
41 38 0.762565324316016
41 39 0.23046418690439593
41 40 0.5797110359668
41 41 0.0
41 42 0.6991392560713189
41 43 0.6060175222871196
41 44 0.3939517368582847
41 45 0.5238702735936059
41 46 0.4409160774669536
41 47 0.42687519213034125
41 48 0.5009529664924685
41 49 0.2593529050107593
41 50 0.23062557639102366
41 51 0.1308868736550876
41 52 0.06310328927144175
41 53 0.05261297264063941
41 54 0.04357516138948663
42 0 0.6194464675892207
42 1 0.029978150036416608
42 2 0.07418062636562273
42 3 0.11731245447924254
42 4 0.057662053896576845
42 5 0.0004588492352512746
42 6 0.031660597232337946
42 7 0.011624180626365622
42 8 0.004282592862345229
42 9 0.009482884195193008
42 10 0.007188638018936636
42 11 0.06821558630735615
42 12 0.0001529497450837582
42 13 0.009941733430444284
42 14 0.0
42 15 0.0
42 16 0.0
42 17 0.0
42 18 0.008871085214857976
42 19 0.0
42 20 0.04343772760378733
42 21 0.003823743627093955
42 22 0.012235979606700654
42 23 0.006576839038601603
42 24 0.04236707938820102
42 25 0.028754552075746544
42 26 0.07402767662053897
42 27 0.06898033503277494
42 28 0.037013838310269484
42 29 0.021412964311726148
42 30 0.08764020393299345
42 32 0.05093226511289148
42 33 0.07831026948288419
42 34 0.09544064093226512
42 35 0.26475600873998545
42 36 0.3158412235979607
42 37 0.3898689002184996
42 38 0.5798324836125274
42 39 0.36952658412235984
42 40 0.6647195921340132
42 41 0.6992862345229425
42 42 0.0
42 43 0.3337363437727604
42 44 0.6332119446467589
42 45 0.5296649672250546
42 46 0.6091988346686089
42 47 0.49158048069919885
42 48 0.6569191551347415
42 49 0.3161471230881282
42 50 0.24196649672250548
42 51 0.22988346686088856
42 52 0.06729788783685361
42 53 0.059956300072833216
42 54 0.039308084486525854
43 0 0.6386145510835913
43 1 0.11523993808049536
43 2 0.11589009287925697
43 3 0.15311145510835913
43 4 0.1171904024767802
43 5 0.0013003095975232198
43 6 0.03136996904024768
43 7 0.049574303405572756
43 8 0.020804953560371518
43 9 0.045510835913312696
43 10 0.026331269349845202
43 11 0.02096749226006192
43 12 0.019829721362229106
43 13 0.0588390092879257
43 14 0.021292569659442727
43 15 0.0
43 16 0.0
43 17 0.0
43 18 0.0
43 19 0.0
43 20 0.04713622291021672
43 21 0.0
43 22 0.008452012383900928
43 23 0.002925696594427245
43 24 0.022430340557275545
43 25 0.03315789473684211
43 26 0.05006191950464396
43 27 0.06143962848297214
43 28 0.06469040247678019
43 29 0.08777089783281733
43 30 0.08874613003095976
43 32 0.06875386996904025
43 33 0.09134674922600619
43 34 0.10890092879256967
43 35 0.2639628482972136
43 36 0.48615325077399385
43 37 0.5472678018575852
43 38 0.7481656346749227
43 39 0.5038699690402477
43 40 0.8019659442724458
43 41 0.652592879256966
43 42 0.2885061919504644
43 43 0.0
43 44 0.35758513931888547
43 45 0.4260139318885449
43 46 0.4014705882352942
43 47 0.42455108359133126
43 48 0.2683513931888545
43 49 0.2574613003095975
43 50 0.13490712074303407
43 51 0.2530727554179567
43 52 0.1368575851393189
43 53 0.027794117647058823
43 54 0.026656346749226005
44 0 0.5279991639960987
44 1 0.06539640518322419
44 2 0.11265152570711998
44 3 0.14352096976452558
44 4 0.08997491988295946
44 5 0.0005852027309460778
44 6 0.06993172634805629
44 7 0.009655845060610282
44 8 0.009070642329664206
44 9 0.045206910965584504
44 10 0.026480423575310018
44 11 0.026334122892573503
44 12 0.0
44 13 0.0
44 14 0.0
44 15 0.0
44 16 0.0
44 17 0.0
44 18 0.0
44 19 0.0
44 20 0.058373972411871256
44 21 0.0
44 22 0.0
44 23 0.0
44 24 0.00014630068273651945
44 25 0.006437230040406856
44 26 0.01887278807301101
44 27 0.020628396265849242
44 28 0.029406437230040407
44 29 0.008924341646927686
44 30 0.050766336909572246
44 32 0.05852027309460778
44 33 0.052668245785147005
44 34 0.11616274209279644
44 35 0.20730806743764807
44 36 0.2181343179601505
44 37 0.32844503274348613
44 38 0.44343736937439043
44 39 0.3518531419813293
44 40 0.458798941061725
44 41 0.5105893827504528
44 42 0.7968998188658214
44 43 0.440218754354187
44 44 0.0
44 45 0.850006966699178
44 46 0.6801518740420789
44 47 0.6571826668524453
44 48 0.7475964887836143
44 49 0.39076912358924343
44 50 0.29611258185871536
44 51 0.3955970461195486
44 52 0.05471645534345827
44 53 0.04784032325484185
44 54 0.0684687195206911
45 0 0.5908486314169507
45 1 0.09487743212047929
45 2 0.054248653402220515
45 3 0.11784654281631307
45 4 0.07871825876662636
45 5 0.0006925360008794108
45 6 0.06059690007694844
45 7 0.08622073210948665
45 8 0.040051665384192595
45 9 0.03601187204572936
45 10 0.07537100142904254
45 11 0.06048147741013521
45 12 0.00011542266681323514
45 13 0.025162141365285263
45 14 0.01327360668352204
45 15 0.0
45 16 0.0
45 17 0.0
45 18 0.00011542266681323514
45 19 0.0
45 20 0.061981972078707266
45 21 0.0
45 22 0.013966142684401453
45 23 0.009118390678245577
45 24 0.000807958667692646
45 25 0.00011542266681323514
45 26 0.04536110805760141
45 27 0.000807958667692646
45 28 0.019160162690997032
45 29 0.038782016049247005
45 30 0.04132131471913818
45 32 0.027816862701989666
45 33 0.07294712542596461
45 34 0.09984060679344839
45 35 0.11449928547872926
45 36 0.22172694294822468
45 37 0.30563922172144664
45 38 0.4353742992195229
45 39 0.2962899857095746
45 40 0.5520666153677037
45 41 0.4994338793008684
45 42 0.4628448939210729
45 43 0.37720127514565244
45 44 0.767214466307574
45 45 0.0
45 46 0.6560624381664285
45 47 0.6681818181818182
45 48 0.7464383862811916
45 49 0.4799274486094317
45 50 0.32526107507969665
45 51 0.4793503352753655
45 52 0.1745190722216115
45 53 0.11611520281411455
45 54 0.07629438276354843
46 0 0.5035954301075268
46 1 0.02493279569892473
46 2 0.04398521505376344
46 3 0.10337701612903226
46 4 0.1127856182795699
46 5 0.0009408602150537635
46 6 0.07150537634408603
46 7 0.0696236559139785
46 8 0.029872311827956993
46 9 0.05186491935483871
46 10 0.010349462365591398
46 11 0.07856182795698925
46 12 0.0003528225806451613
46 13 0.00023521505376344087
46 14 0.0
46 15 0.0
46 16 0.0
46 17 0.0
46 18 0.0
46 19 0.0
46 20 0.051629704301075274
46 21 0.0
46 22 0.0
46 23 0.0
46 24 0.0
46 25 0.0
46 26 0.010349462365591398
46 27 0.012819220430107527
46 28 0.015877016129032258
46 29 0.007762096774193549
46 30 0.023756720430107525
46 32 0.03951612903225807
46 33 0.05115927419354839
46 34 0.0863239247311828
46 35 0.18934811827956988
46 36 0.09831989247311827
46 37 0.2623823924731183
46 38 0.4566700268817204
46 39 0.11913642473118281
46 40 0.4058635752688172
46 41 0.5314684139784946
46 42 0.7204637096774194
46 43 0.4109206989247312
46 44 0.6144993279569894
46 45 0.7716229838709677
46 46 0.0
46 47 0.36869959677419356
46 48 0.8742943548387097
46 49 0.49548051075268823
46 50 0.3534106182795699
46 51 0.5101814516129033
46 52 0.215809811827957
46 53 0.13736559139784946
46 54 0.0385752688172043
47 0 0.5946232382643435
47 1 0.1099988902452558
47 2 0.08587837088003553
47 3 0.0802852069692598
47 4 0.08692708911330596
47 5 0.0008156697369881257
47 6 0.020508267672844305
47 7 0.004078348684940628
47 8 0.06781711241815559
47 9 0.029597159027854845
47 10 0.0764399067806015
47 11 0.026217955831761182
47 12 0.0
47 13 0.002330484962823216
47 14 0.0
47 15 0.0
47 16 0.0
47 17 0.0
47 18 0.0
47 19 0.0
47 20 0.037870380645877263
47 21 0.0
47 22 0.0
47 23 0.0
47 24 0.00046609699256464326
47 25 0.0
47 26 0.0404339141049828
47 27 0.012817667295527689
47 28 0.008855842858728221
47 29 0.024586616357784932
47 30 0.01584729774719787
47 32 0.00046609699256464326
47 33 0.0086227943624459
47 34 0.0425313505715237
47 35 0.14169348573965154
47 36 0.21498723782044168
47 37 0.28105648651647985
47 38 0.3827821551437133
47 39 0.1429752524692043
47 40 0.4599212074131617
47 41 0.6432138497392077
47 42 0.6526523138386418
47 43 0.5323992897569637
47 44 0.6860947730551549
47 45 0.851442681167462
47 46 0.4076018199977805
47 47 0.0
47 48 0.8036677394295861
47 49 0.41704028409721455
47 50 0.2669570524913994
47 51 0.3493396959272001
47 52 0.3186938186660748
47 53 0.19273110642547997
47 54 0.052668960159804684
48 0 0.4406259997867122
48 1 0.06953716540471366
48 2 0.06416231204009812
48 3 0.04423056414631546
48 4 0.09573957555721448
48 5 0.0004479044470512957
48 6 0.0013437133411538871
48 7 0.06752159539298283
48 8 0.09708328889836836
48 9 0.1426575663858377
48 10 0.10021862002772743
48 11 0.10167430948064413
48 12 0.03874373466993709
48 13 0.03045750239948811
48 14 0.0584515303401941
48 15 0.0
48 16 0.0
48 17 0.0
48 18 0.0
48 19 0.0
48 20 0.03807187799936014
48 21 0.0
48 22 0.0
48 23 0.0
48 24 0.0
48 25 0.0
48 26 0.01679641676442359
48 27 0.005038925029327077
48 28 0.0023514983470193027
48 29 0.0013437133411538871
48 30 0.03919163911698838
48 32 0.006606590594006612
48 33 0.02888983683480858
48 34 0.028217980164231632
48 35 0.131012050762504
48 36 0.18341687106750562
48 37 0.17938573104404393
48 38 0.360003199317479
48 39 0.14176175749173509
48 40 0.432451743628026
48 41 0.40916071238135865
48 42 0.5289751519675803
48 43 0.1947264583555508
48 44 0.4951583662152074
48 45 0.6878692545590275
48 46 0.8482190466033913
48 47 0.5144182574384132
48 48 0.0
48 49 0.39482777007571723
48 50 0.403225978457929
48 51 0.5512583982083823
48 52 0.3330169563826384
48 53 0.17804201770289008
48 54 0.06785752372827131
49 0 0.5086782732279268
49 1 0.007834428850595133
49 2 0.01622845976194706
49 3 0.03991828033398472
49 4 0.09904956475395275
49 5 0.0005596020607567952
49 6 0.0346953277669213
49 7 0.01361698347841535
49 8 0.10912240184757507
49 9 0.16806715224729082
49 10 0.06771184935157222
49 11 0.12031444306271095
49 12 0.0018653402025226506
49 13 0.046633505063066266
49 14 0.04085095043524605
49 15 0.0
49 16 0.0
49 17 0.0
49 18 0.0
49 19 0.0
49 20 0.006155622668324747
49 21 0.0
49 22 0.0
49 23 0.0
49 24 0.0
49 25 0.0
49 26 0.02051874222774916
49 27 0.0
49 28 0.0020518742227749157
49 29 0.010632439154379109
49 30 0.0
49 32 0.0013057381417658554
49 33 0.03376265766565998
49 34 0.033576123645407706
49 35 0.07778468644519454
49 36 0.041970154556759634
49 37 0.28502398294546105
49 38 0.38276780955764794
49 39 0.020145674187244625
49 40 0.3902291703677385
49 41 0.42044768164860546
49 42 0.45346420323325637
49 43 0.37325457452478245
49 44 0.4607390300230947
49 45 0.8228015633327411
49 46 0.6631284419968023
49 47 0.4627909042458696
49 48 0.7703855036418547
49 49 0.0
49 50 0.4094421744537218
49 51 0.5189376443418015
49 52 0.3409841890211405
49 53 0.09699769053117784
49 54 0.0945727482678984
50 0 0.33618615449556777
50 1 0.0
50 2 0.025707049387927394
50 3 0.038782186576614606
50 4 0.07335373575348249
50 5 0.0008864499788940482
50 6 0.0460953989024905
50 7 0.017285774588433937
50 8 0.06293794850147742
50 9 0.1877057830308147
50 10 0.07313212325875898
50 11 0.1436048965808358
50 12 0.0
50 13 0.06138666103841283
50 14 0.0055403123680878
50 15 0.0
50 16 0.0
50 17 0.0
50 18 0.0
50 19 0.0
50 20 0.039003799071338115
50 21 0.0
50 22 0.0
50 23 0.0
50 24 0.0
50 25 0.0
50 26 0.0
50 27 0.0
50 28 0.0
50 29 0.0
50 30 0.0
50 32 0.00022161249472351204
50 33 0.03058252427184466
50 34 0.0
50 35 0.06448923596454201
50 36 0.04853313634444913
50 37 0.10991979738286196
50 38 0.22936893203883493
50 39 0.08066694807935838
50 40 0.3423913043478261
50 41 0.3767412410299705
50 42 0.368763191219924
50 43 0.24222245673279869
50 44 0.39291895314478686
50 45 0.6264985225833686
50 46 0.5185732376530182
50 47 0.3696496411988181
50 48 0.8139826931194598
50 49 0.48333685099197976
50 50 0.0
50 51 0.7282186576614605
50 52 0.7277754326720135
50 53 0.14692908400168847
50 54 0.27479949345715493
51 0 0.39405553708014635
51 1 0.039632524110409045
51 2 0.020078150981044228
51 3 0.048012969737279684
51 4 0.10929497838377121
51 5 0.0008729630861323579
51 6 0.048536747588959095
51 7 0.02549052211506485
51 8 0.05621882274692385
51 9 0.10545394080478883
51 10 0.08886764216827403
51 11 0.13984868639840373
51 12 0.06267874958430329
51 13 0.02322081809112072
51 14 0.009602593947455936
51 15 0.0
51 16 0.0
51 17 0.0
51 18 0.0
51 19 0.0
51 20 0.04120385766544729
51 21 0.0
51 22 0.0
51 23 0.0
51 24 0.0
51 25 0.0
51 26 0.0010475557033588294
51 27 0.002095111406717659
51 28 0.0
51 29 0.0
51 30 0.0024442966411706017
51 32 0.002095111406717659
51 33 0.011697705354173596
51 34 0.03212504156967077
51 35 0.06337712005320918
51 36 0.12011972065181245
51 37 0.13164283338875957
51 38 0.3168856002660459
51 39 0.10353342201529764
51 40 0.340979381443299
51 41 0.1824492850016628
51 42 0.218066178915863
51 43 0.3020452278017958
51 44 0.3642001995344197
51 45 0.6418024609245095
51 46 0.580869637512471
51 47 0.2968074492850017
51 48 0.8097605586963752
51 49 0.39684901895576985
51 50 0.45760724975058203
51 51 0.0
51 52 0.7112903225806452
51 53 0.26590455603591623
51 54 0.2522863318922514
52 0 0.5094701986754967
52 1 0.05678807947019868
52 2 0.06953642384105961
52 3 0.11033112582781457
52 4 0.2908940397350993
52 5 0.001390728476821192
52 6 0.2109271523178808
52 7 0.10268211920529802
52 8 0.45036423841059603
52 9 0.3008609271523179
52 10 0.32009933774834437
52 11 0.31870860927152317
52 12 0.10615894039735099
52 13 0.1555298013245033
52 14 0.1418543046357616
52 15 0.0011589403973509935
52 16 0.0025496688741721853
52 17 0.01437086092715232
52 18 0.03708609271523179
52 19 0.0
52 20 0.0011589403973509935
52 21 0.0
52 22 0.0
52 23 0.0
52 24 0.003708609271523179
52 25 0.0
52 26 0.02966887417218543
52 27 0.0
52 28 0.00046357615894039735
52 29 0.013443708609271523
52 30 0.0009271523178807947
52 32 0.019701986754966885
52 33 0.0363907284768212
52 34 0.071158940397351
52 35 0.027119205298013246
52 36 0.019238410596026493
52 37 0.058874172185430465
52 38 0.0690728476821192
52 39 0.018311258278145694
52 40 0.05701986754966888
52 41 0.043576158940397354
52 42 0.030596026490066226
52 43 0.08413907284768213
52 44 0.017384105960264903
52 45 0.12238410596026492
52 46 0.11357615894039735
52 47 0.20003311258278147
52 48 0.4651986754966888
52 49 0.19817880794701986
52 50 0.4322847682119205
52 51 0.6279139072847683
52 52 0.0
52 53 0.47794701986754967
52 54 0.6552649006622517
53 0 0.4017883390494856
53 1 0.15665115139637434
53 2 0.16745467907888292
53 3 0.12243998040176385
53 4 0.4262248897599217
53 5 0.002572268495835375
53 6 0.3567736403723665
53 7 0.12269720725134739
53 8 0.6080842724154827
53 9 0.412077413032827
53 10 0.37863792258696716
53 11 0.2008941695247428
53 12 0.11446594806467418
53 13 0.23793483586477218
53 14 0.11317981381675649
53 15 0.001543361097501225
53 16 0.0012861342479176874
53 17 0.0
53 18 0.002572268495835375
53 19 0.0
53 20 0.0
53 21 0.0
53 22 0.00025722684958353747
53 23 0.0
53 24 0.0
53 25 0.0
53 26 0.020578147966683
53 27 0.0
53 28 0.0010289073983341499
53 29 0.01877756001959824
53 30 0.013118569328760413
53 32 0.010031847133757961
53 33 0.07305242528172465
53 34 0.021864282214600687
53 35 0.09620284174424303
53 36 0.023664870161685447
53 37 0.08539931406173445
53 38 0.02032092111709946
53 39 0.0
53 40 0.0018005879470847624
53 41 0.011060754532092112
53 42 0.006687898089171975
53 43 0.0036011758941695247
53 44 0.0023150416462518375
53 45 0.08694267515923566
53 46 0.06842234198922097
53 47 0.10186183243508085
53 48 0.21735668789808918
53 49 0.02572268495835375
53 50 0.025979911807937288
53 51 0.26340029397354237
53 52 0.6981136697697208
53 53 0.0
53 54 0.8591376776090152
54 0 0.5659895150720838
54 1 0.12660550458715597
54 2 0.16218872870249018
54 3 0.21094364351245087
54 4 0.4199213630406291
54 5 0.0023591087811271295
54 6 0.21841415465268676
54 7 0.49954128440366974
54 8 0.7368283093053736
54 9 0.6133682830930538
54 10 0.2903669724770642
54 11 0.30294888597640895
54 12 0.24829619921363041
54 13 0.24456094364351247
54 14 0.15117955439056355
54 15 0.00019659239842726085
54 16 0.0023591087811271295
54 17 0.004718217562254259
54 18 0.0
54 19 0.0
54 20 0.0
54 21 0.0
54 22 0.0
54 23 0.0015727391874180868
54 24 0.0
54 25 0.0
54 26 0.06841415465268677
54 27 0.00019659239842726085
54 28 0.028309305373525558
54 29 0.030865006553079947
54 30 0.023394495412844038
54 32 0.0927916120576671
54 33 0.11854521625163827
54 34 0.1283748361730013
54 35 0.13761467889908258
54 36 0.035386631716906945
54 37 0.06762778505897772
54 38 0.015530799475753606
54 39 0.0015727391874180868
54 40 0.010222804718217564
54 41 0.007077326343381389
54 42 0.00019659239842726085
54 43 0.0
54 44 0.0013761467889908258
54 45 0.0336173001310616
54 46 0.004521625163826999
54 47 0.006094364351245086
54 48 0.042070773263433815
54 49 0.04128440366972477
54 50 0.11480996068152031
54 51 0.21959370904325032
54 52 0.7258191349934469
54 53 0.7777195281782439
54 54 0.0
 0 31 
1 31 0.5359214390602055
2 31 0.289823846265832
3 31 0.15688668224299065
4 31 0.29780172413793105
5 31 0.0
6 31 0.28486661277283754
7 31 0.09890273638580331
8 31 0.0919120613150464
9 31 0.1946615770282589
10 31 0.1493868513682298
11 31 0.03511166253101737
12 31 0.02947998046875
13 31 0.05035868005738881
14 31 0.0
15 31 0.0009502262443438915
16 31 0.00028389887792348254
17 31 0.0037862202189311014
18 31 0.0007763401109057302
19 31 0.01267605633802817
20 31 0.1030338494778538
21 31 0.24488255033557046
22 31 0.13502310061601644
23 31 0.327350069735007
24 31 0.2906554712892741
25 31 0.33986531986531987
26 31 0.3723760683760684
27 31 0.3170015455950541
28 31 0.6811108988442067
29 31 0.6111489138968856
30 31 0.6077860794337397
32 31 0.7691993464052288
33 31 0.44794335805799057
34 31 0.5085618255793385
35 31 0.6351956150055316
36 31 0.3998435054773083
37 31 0.36377340526816887
38 31 0.30404636459430984
39 31 0.24219663114472328
40 31 0.24008630609896434
41 31 0.1430887372013652
42 31 0.16420408163265307
43 31 0.14364390795926069
44 31 0.08723802395209582
45 31 0.029922279792746115
46 31 0.09088486630524671
47 31 0.09110608880616858
48 31 0.09842336521064875
49 31 0.04041439315735142
50 31 0.0008991265627675973
51 31 0.006002509760178472
52 31 0.030882352941176472
53 31 0.0426312707398009
54 31 0.12695974576271188

