1 0 0.7161267931513188
1 1 0.0
1 2 0.2450100262224279
1 3 0.7363489125404905
1 4 0.22713250038562394
1 5 0.0021980564553447475
1 6 0.39608977325312356
1 7 0.18507635354002774
1 8 0.15518278574733918
1 9 0.23944161653555454
1 10 0.2387089310504396
1 11 0.1576739163967299
1 12 0.13041801635045502
1 13 0.15034706154558075
1 14 0.059054450100262224
1 15 0.0008792225821378991
1 16 0.011429893567792688
1 17 0.013188338732068487
1 18 0.04088385006941231
1 19 0.027548974240320837
1 20 0.015093320993367267
1 21 0.018756748418941847
1 22 0.026669751658182937
1 23 0.04571957427117075
1 24 0.01611908067252815
1 25 0.017291377448712016
1 26 0.1159108437451797
1 27 0.026523214561159955
1 28 0.11473854696899582
1 29 0.06638130495141137
1 30 0.17042264383772945
1 32 0.09510257596791608
1 33 0.4103038716643529
1 34 0.24486348912540493
1 35 0.30714175536017274
1 36 0.3623862409378374
1 37 0.32707080055529847
1 38 0.09334413080364029
1 39 0.0723893259293537
1 40 0.1800940922412463
1 41 0.05949406139133117
1 42 0.009524911306493907
1 43 0.04029770168132037
1 44 0.020515193583217645
1 45 0.04278883233071109
1 46 0.01186950485886164
1 47 0.026083603270091005
1 48 0.04630572265926269
1 49 0.005128798395804411
1 50 0.0
1 51 0.025937066173068023
1 52 0.04293536942773407
1 53 0.08293999691500847
1 54 0.08000925497454882
2 0 0.6379091225626741
2 1 0.3287952646239554
2 2 0.0
2 3 0.41694811977715873
2 4 0.5689415041782729
2 5 0.0021500696378830082
2 6 0.38635097493036213
2 7 0.49765842618384404
2 8 0.24477715877437325
2 9 0.19598711699164345
2 10 0.15331650417827297
2 11 0.10684192200557102
2 12 0.08815285515320334
2 13 0.06797527855153203
2 14 0.07938718662952646
2 15 0.0
2 16 0.0023154596100278552
2 17 0.006119428969359331
2 18 0.03721274373259052
2 19 0.004796309192200557
2 20 0.007607938718662953
2 21 0.013065807799442896
2 22 0.012404247910863508
2 23 0.04200905292479108
2 24 0.01968140668523677
2 25 0.00826949860724234
2 26 0.08153725626740946
2 27 0.09708391364902506
2 28 0.03423572423398328
2 29 0.09443767409470752
2 30 0.1290041782729805
2 32 0.11395369080779943
2 33 0.41794045961002785
2 34 0.5292479108635098
2 35 0.4482068245125348
2 36 0.3337569637883008
2 37 0.27983983286908076
2 38 0.18986768802228413
2 39 0.12453864902506963
2 40 0.08864902506963789
2 41 0.06499825905292478
2 42 0.02150069637883008
2 43 0.04250522284122562
2 44 0.027123955431754873
2 45 0.029604805013927576
2 46 0.01488509749303621
2 47 0.025966225626740946
2 48 0.042174442896935935
2 49 0.0046309192200557105
2 50 0.00413474930362117
2 51 0.008765668523676879
2 52 0.049120821727019495
2 53 0.08897980501392758
2 54 0.11742688022284123
3 0 0.6482209202629323
3 1 0.7156901971991998
3 2 0.21123178050871677
3 3 0.0
3 4 0.38743926836238923
3 5 0.001629036867676479
3 6 0.48219491283223775
3 7 0.16141040297227777
3 8 0.13263075164332666
3 9 0.17851529008288083
3 10 0.310603029436982
3 11 0.21747642183480992
3 12 0.07439268362389254
3 13 0.1223135181480423
3 14 0.09502715061446126
3 15 0.002172049156901972
3 16 0.011946270362960846
3 17 0.04710631609031152
3 18 0.031630465847384964
3 19 0.03271649042583595
3 20 0.02511431837667905
3 21 0.024164046870534438
3 22 0.02837239211203201
3 23 0.03108745355815947
3 24 0.03787510717347814
3 25 0.030815947413546724
3 26 0.12815090025721634
3 27 0.04724206916261789
3 28 0.049821377536438984
3 29 0.11253929694198342
3 30 0.11891969134038295
3 32 0.1886967705058588
3 33 0.4227350671620463
3 34 0.4610174335524435
3 35 0.23308802515004284
3 36 0.23227350671620461
3 37 0.2820948842526436
3 38 0.12774364104029723
3 39 0.06285367247785081
3 40 0.12285653043726778
3 41 0.020227207773649614
3 42 0.020905973135181482
3 43 0.036924835667333525
3 44 0.02185624464132609
3 45 0.029322663618176623
3 46 0.021584738496713343
3 47 0.014797084881394683
3 48 0.019276936267505002
3 49 0.008009431266076021
3 50 0.0035295798799657046
3 51 0.01886967705058588
3 52 0.03570305801657617
3 53 0.04574878536724778
3 54 0.07941554729922834
4 0 0.580129240710824
4 1 0.17607578205316493
4 2 0.5427375532383609
4 3 0.49195182846232927
4 4 0.0
4 5 0.0030694668820678513
4 6 0.2804376560434719
4 7 0.20537523865472168
4 8 0.14538111323248643
4 9 0.20551475987663387
4 10 0.30206344543985897
4 11 0.21193273608459393
4 12 0.11008224408870612
4 13 0.1358936701424585
4 14 0.08413129681304156
4 15 0.005580848876487002
4 16 0.024416213834630635
4 17 0.048692906447349096
4 18 0.03920546335732119
4 19 0.026369510941401084
4 20 0.011719782640622706
4 21 0.03669408136290204
4 22 0.019114407401967983
4 23 0.021346746952562782
4 24 0.02957849904538111
4 25 0.02399765016889411
4 26 0.0782714054927302
4 27 0.038786899691584664
4 28 0.026090468497576735
4 29 0.03432222059039506
4 30 0.10254809810544865
4 32 0.10380378910265824
4 33 0.29843589367014245
4 34 0.40070494933176676
4 35 0.20481715376707296
4 36 0.2696945219562344
4 37 0.26815978851520045
4 38 0.24262740490527243
4 39 0.01799823762667058
4 40 0.0676677926274049
4 41 0.030555147598766336
4 42 0.01604494051990013
4 43 0.03153179615215156
4 44 0.019672492289616685
4 45 0.025811426053752386
4 46 0.027485680716698487
4 47 0.016882067851373184
4 48 0.048692906447349096
4 49 0.01953297106770451
4 50 0.011719782640622706
4 51 0.029438977823468937
4 52 0.15626376854163607
4 53 0.1566823322073726
4 54 0.1861213100308415
5 0 0.0
5 1 0.0
5 2 0.0
5 3 0.0
5 4 0.0
5 5 0.0
5 6 0.0
5 7 0.0
5 8 0.0
5 9 0.0
5 10 0.0
5 11 0.0
5 12 0.0
5 13 0.0
5 14 0.0
5 15 0.0
5 16 0.0
5 17 0.0
5 18 0.0
5 19 0.0
5 20 0.0
5 21 0.0
5 22 0.0
5 23 0.0
5 24 0.0
5 25 0.0
5 26 0.0
5 27 0.0
5 28 0.0
5 29 0.0
5 30 0.0
5 32 0.0
5 33 0.0
5 34 0.0
5 35 0.0
5 36 0.0
5 37 0.0
5 38 0.0
5 39 0.0
5 40 0.0
5 41 0.0
5 42 0.0
5 43 0.0
5 44 0.0
5 45 0.0
5 46 0.0
5 47 0.0
5 48 0.0
5 49 0.0
5 50 0.0
5 51 0.0
5 52 0.0
5 53 0.0
5 54 0.0
6 0 0.5460253572147313
6 1 0.4542563896156168
6 2 0.3972831555644999
6 3 0.6144697122157375
6 4 0.3902092976454015
6 5 0.002294224189977863
6 6 0.0
6 7 0.5787180519219159
6 8 0.19328838800563491
6 9 0.14969812839605556
6 10 0.6049104447574964
6 11 0.398239082310324
6 12 0.11949084322801369
6 13 0.24509961762930163
6 14 0.13516804185952908
6 15 0.005544375125779834
6 16 0.010515194204065203
6 17 0.01739786677399879
6 18 0.03861944053129402
6 19 0.014338901187361641
6 20 0.0038237069832964374
6 21 0.02523646608975649
6 22 0.02294224189977863
6 23 0.025618836788086134
6 24 0.013956530489031997
6 25 0.01510364258402093
6 26 0.08660696317166432
6 27 0.023898168645602735
6 28 0.04913463473535923
6 29 0.06538538941436908
6 30 0.07131213523847857
6 32 0.14950694304689072
6 33 0.22923123364862144
6 34 0.20495069430468907
6 35 0.24070235459851075
6 36 0.1405212316361441
6 37 0.12197625276715637
6 38 0.07704769571342322
6 39 0.04588448379955726
6 40 0.05964982893942443
6 41 0.05429663916280942
6 42 0.009176896759911452
6 43 0.013574159790702355
6 44 0.02332461259810827
6 45 0.039575367277118134
6 46 0.03020728516804186
6 47 0.009559267458241094
6 48 0.008985711410746628
6 49 0.016824310726504327
6 50 0.0122358623465486
6 51 0.029060173073052926
6 52 0.1301972227812437
6 53 0.1806701549607567
6 54 0.1504628697927148
7 0 0.5372413793103448
7 1 0.236496106785317
7 2 0.4967686318131257
7 3 0.32251390433815347
7 4 0.3004282536151279
7 5 0.0022191323692992214
7 6 0.6074082313681869
7 7 0.0
7 8 0.3895105672969967
7 9 0.5132536151279199
7 10 0.5583759733036707
7 11 0.28383759733036706
7 12 0.127230255839822
7 13 0.19528364849833146
7 14 0.14667408231368187
7 15 0.00253615127919911
7 16 0.0029588431590656284
7 17 0.00507230255839822
7 18 0.03349833147942158
7 19 0.004332591768631813
7 20 0.006657397107897664
7 21 0.007080088987764182
7 22 0.008665183537263626
7 23 0.03349833147942158
7 24 0.02557285873192436
7 25 0.02588987764182425
7 26 0.07228031145717463
7 27 0.008242491657397107
7 28 0.03423804226918798
7 29 0.03402669632925472
7 30 0.03719688542825361
7 32 0.09690211345939932
7 33 0.23543937708565071
7 34 0.3186040044493882
7 35 0.300111234705228
7 36 0.10546162402669632
7 37 0.12849833147942155
7 38 0.06382647385984426
7 39 0.0357174638487208
7 40 0.0346607341490545
7 41 0.0022191323692992214
7 42 0.00010567296996662959
7 43 0.008348164627363737
7 44 0.0
7 45 0.03275862068965517
7 46 0.013209121245828697
7 47 0.0
7 48 0.03962736373748609
7 49 0.00010567296996662959
7 50 0.0
7 51 0.003592880978865406
7 52 0.05241379310344827
7 53 0.07323136818687431
7 54 0.29102335928809786
8 0 0.4473087114938721
8 1 0.22231699238158328
8 2 0.3049188473004306
8 3 0.27093408413381914
8 4 0.24528817489234844
8 5 0.002989400463729712
8 6 0.21319145412388207
8 7 0.39113945014905593
8 8 0.0
8 9 0.46272772441205695
8 10 0.4460500165617754
8 11 0.27880092745942364
8 12 0.11941868168267636
8 13 0.18030804902285522
8 14 0.16630506790327923
8 15 0.0
8 16 0.0
8 17 0.0
8 18 0.003146737330241802
8 19 0.0
8 20 0.0004720105995362703
8 21 0.0007866843325604505
8 22 0.0007866843325604505
8 23 0.006293474660483604
8 24 0.00015733686651209008
8 25 0.0
8 26 0.04783040741967539
8 27 0.003304074196753892
8 28 0.006136137793971514
8 29 0.026589930440543225
8 30 0.033512752567075185
8 32 0.044998343822457765
8 33 0.13562437893342166
8 34 0.1891189135475323
8 35 0.2624378933421663
8 36 0.07567903279231533
8 37 0.120520039748261
8 38 0.026747267307055317
8 39 0.005034779728386883
8 40 0.0508198078834051
8 41 0.01809373964889036
8 42 0.0
8 43 0.0
8 44 0.0
8 45 0.0009440211990725406
8 46 0.00015733686651209008
8 47 0.00031467373302418016
8 48 0.05758529314342497
8 49 0.019195097714474987
8 50 0.0
8 51 0.004248095395826432
8 52 0.4097052003974826
8 53 0.31089764822789
8 54 0.5550844650546538
9 0 0.2140922987334401
9 1 0.28780754112680157
9 2 0.07648129276459456
9 3 0.2485296258552919
9 4 0.21713495414179645
9 5 0.0016596302227398457
9 6 0.01424515941185034
9 7 0.6021691658174406
9 8 0.46179210947736204
9 9 0.0
9 10 0.631212694715388
9 11 0.3341388848449556
9 12 0.024894453341097685
9 13 0.02766050371233076
9 14 0.038171495123016444
9 15 0.0
9 16 0.0001383025185616538
9 17 0.0
9 18 0.00041490755568496143
9 19 0.0
9 20 0.0
9 21 0.0001383025185616538
9 22 0.0
9 23 0.0
9 24 0.0
9 25 0.0001383025185616538
9 26 0.007744941039452612
9 27 0.0
9 28 0.0
9 29 0.0001383025185616538
9 30 0.0002766050371233076
9 32 0.030011646527878875
9 33 0.04439510845829087
9 34 0.1904425680593973
9 35 0.12046149366720046
9 36 0.04204396564274276
9 37 0.09044984713932158
9 38 0.0009681176299315765
9 39 0.0001383025185616538
9 40 0.0
9 41 0.0005532100742466152
9 42 0.0
9 43 0.0
9 44 0.0001383025185616538
9 45 0.0
9 46 0.0
9 47 0.0
9 48 0.0011064201484932304
9 49 0.00041490755568496143
9 50 0.0
9 51 0.0002766050371233076
9 52 0.10635463677391177
9 53 0.12295093900131024
9 54 0.426248362207017
10 0 0.4575493444748595
10 1 0.22104163665177926
10 2 0.11551649618210633
10 3 0.434829275320559
10 4 0.2950871632329635
10 5 0.0017792825241319695
10 6 0.5467872064544014
10 7 0.4498847428324449
10 8 0.30576285837775535
10 9 0.45823368390721797
10 10 0.0
10 11 0.6164529606684915
10 12 0.17546463045670652
10 13 0.2834533928828699
10 14 0.2783892810834174
10 15 0.012865581328338857
10 16 0.013549920760697304
10 17 0.0034216971617922485
10 18 0.020530182970753492
10 19 0.0
10 20 0.00013686788647168996
10 21 0.0057484512318109774
10 22 0.019708975651923356
10 23 0.0057484512318109774
10 24 0.002600489842962109
10 25 0.006022187004754358
10 26 0.037228065120299664
10 27 0.021077654516640253
10 28 0.06487537818758105
10 29 0.06898141478173174
10 30 0.04585074196801613
10 32 0.08075205301829706
10 33 0.12756087019161502
10 34 0.1786125918455554
10 35 0.12906641694280363
10 36 0.1376890937905201
10 37 0.1498703356865005
10 38 0.07719348797003313
10 39 0.023951880132545744
10 40 0.05625270133986457
10 41 0.0005474715458867598
10 42 0.0
10 43 0.005200979685924218
10 44 0.002737357729433799
10 45 0.009991355712433366
10 46 0.00041060365941506986
10 47 0.005611583345339288
10 48 0.048588099697449934
10 49 0.004653508140037458
10 50 0.0015055467511885896
10 51 0.014507995965999134
10 52 0.146996110070595
10 53 0.14111079095231235
10 54 0.13317245353695434
11 0 0.2991869312248247
11 1 0.0882962852454125
11 2 0.04436073399970162
11 3 0.34879158585707887
11 4 0.19161569446516485
11 5 0.002125913769953752
11 6 0.3512009547963598
11 7 0.18183649112337757
11 8 0.17205728778159032
11 9 0.26134566611964793
11 10 0.675757123675966
11 11 0.0
11 12 0.6027674175742205
11 13 0.7276294196628376
11 14 0.6319633000149186
11 15 0.02579442040877219
11 16 0.07752498881098015
11 17 0.06491123377592123
11 18 0.11905117111741009
11 19 0.022959868715500518
11 20 0.001842458600626585
11 21 0.006661196479188423
11 22 0.023951961808145607
11 23 0.0007086379233179173
11 24 0.007086379233179173
11 25 0.001275548261972251
11 26 0.006661196479188423
11 27 0.0011338206773086677
11 28 0.004393555124571087
11 29 0.00779501715649709
11 30 0.019558406683574517
11 32 0.043085185737729376
11 33 0.10487841265105176
11 34 0.040392361629121284
11 35 0.09906758167984485
11 36 0.09127256452334775
11 37 0.04124272713710279
11 38 0.013464120543040428
11 39 0.00028345516932716693
11 40 0.005102193047889005
11 41 0.0011338206773086677
11 42 0.0
11 43 0.00028345516932716693
11 44 0.00014172758466358346
11 45 0.00028345516932716693
11 46 0.0005669103386543339
11 47 0.0
11 48 0.005102193047889005
11 49 0.0015590034312994183
11 50 0.00028345516932716693
11 51 0.004818737878561837
11 52 0.13577502610771294
11 53 0.03415634790392361
11 54 0.07738326122631657
12 0 0.3792679312388856
12 1 0.24665085951393007
12 2 0.06504149377593361
12 3 0.09713989330171902
12 4 0.21314463544754
12 5 0.001970954356846473
12 6 0.1174125666864256
12 7 0.10502371072910491
12 8 0.05321576763485477
12 9 0.1675311203319502
12 10 0.3009928867812685
12 11 0.7844398340248961
12 12 0.0
12 13 0.7686721991701244
12 14 0.6963100177830468
12 15 0.01970954356846473
12 16 0.036603438055720215
12 17 0.03181683461766449
12 18 0.08812981624184944
12 19 0.0002815649081209247
12 20 0.0
12 21 0.0
12 22 0.0002815649081209247
12 23 0.0
12 24 0.0008446947243627741
12 25 0.0
12 26 0.0005631298162418494
12 27 0.0002815649081209247
12 28 0.0
12 29 0.003660343805572021
12 30 0.0
12 32 0.0002815649081209247
12 33 0.018301719027860108
12 34 0.009291641967990516
12 35 0.007039122703023117
12 36 0.014078245406046234
12 37 0.0016893894487255482
12 38 0.0028156490812092467
12 39 0.0
12 40 0.0
12 41 0.0
12 42 0.0
12 43 0.0
12 44 0.0
12 45 0.0
12 46 0.0
12 47 0.0
12 48 0.0
12 49 0.0
12 50 0.0
12 51 0.0
12 52 0.021117368109069355
12 53 0.018864848844101955
12 54 0.22665975103734437
13 0 0.37188034188034186
13 1 0.19556776556776556
13 2 0.043150183150183145
13 3 0.21783882783882783
13 4 0.20693528693528693
13 5 0.00115995115995116
13 6 0.318986568986569
13 7 0.18118437118437117
13 8 0.13385836385836386
13 9 0.12295482295482296
13 10 0.42686202686202684
13 11 0.7753113553113553
13 12 0.7096581196581196
13 13 0.0
13 14 0.5099145299145299
13 15 0.0392063492063492
13 16 0.0921001221001221
13 17 0.17329670329670327
13 18 0.13107448107448108
13 19 0.04477411477411477
13 20 0.014615384615384615
13 21 0.03201465201465201
13 22 0.06982905982905983
13 23 0.027142857142857142
13 24 0.03711843711843712
13 25 0.012063492063492063
13 26 0.027606837606837607
13 27 0.006495726495726496
13 28 0.01902319902319902
13 29 0.046166056166056166
13 30 0.05985347985347985
13 32 0.03363858363858364
13 33 0.04825396825396825
13 34 0.03433455433455434
13 35 0.10253968253968254
13 36 0.0341025641025641
13 37 0.04663003663003663
13 38 0.03271062271062271
13 39 0.006727716727716727
13 40 0.011367521367521366
13 41 0.007887667887667888
13 42 0.0
13 43 0.004175824175824175
13 44 0.0
13 45 0.0020879120879120877
13 46 0.0
13 47 0.000231990231990232
13 48 0.008119658119658119
13 49 0.0020879120879120877
13 50 0.006031746031746031
13 51 0.005103785103785103
13 52 0.08606837606837606
13 53 0.1217948717948718
13 54 0.12457875457875457
14 0 0.005108583247156153
14 1 0.0005894519131334022
14 2 0.0007859358841778697
14 3 0.024953464322647362
14 4 0.008055842812823164
14 5 0.00039296794208893484
14 6 0.01139607032057911
14 7 0.007859358841778697
14 8 0.024756980351602894
14 9 0.015522233712512925
14 10 0.3151602895553257
14 11 0.7089141675284384
14 12 0.5786452947259566
14 13 0.45780765253360906
14 14 0.0
14 15 0.16858324715615303
14 16 0.3815718717683557
14 17 0.27822130299896586
14 18 0.46055842812823167
14 19 0.04794208893485005
14 20 0.12142709410548087
14 21 0.009627714581178904
14 22 0.1043329886246122
14 23 0.00530506721820062
14 24 0.05855222337125129
14 25 0.00019648397104446742
14 26 0.015129265770423993
14 27 0.00039296794208893484
14 28 0.0
14 29 0.00039296794208893484
14 30 0.00019648397104446742
14 32 0.0
14 33 0.00019648397104446742
14 34 0.0009824198552223372
14 35 0.0005894519131334022
14 36 0.00019648397104446742
14 37 0.0
14 38 0.0
14 39 0.0
14 40 0.0
14 41 0.0
14 42 0.0
14 43 0.0
14 44 0.0
14 45 0.0
14 46 0.0
14 47 0.0
14 48 0.0
14 49 0.0
14 50 0.0
14 51 0.0
14 52 0.011985522233712513
14 53 0.0011789038262668044
14 54 0.0011789038262668044
15 0 0.0031191369606003755
15 1 0.0
15 2 0.0
15 3 0.0
15 4 0.0
15 5 0.0
15 6 0.0
15 7 0.0004455909943714822
15 8 0.0
15 9 0.0
15 10 0.0008911819887429644
15 11 0.0031191369606003755
15 12 0.0004455909943714822
15 13 0.0004455909943714822
15 14 0.2847326454033771
15 15 0.0
15 16 0.2473030018761726
15 17 0.046341463414634146
15 18 0.572138836772983
15 19 0.0013367729831144464
15 20 0.01648686679174484
15 21 0.0035647279549718574
15 22 0.0035647279549718574
15 23 0.0013367729831144464
15 24 0.0053470919324577855
15 25 0.0031191369606003755
15 26 0.0035647279549718574
15 27 0.002227954971857411
15 28 0.0
15 29 0.0
15 30 0.0013367729831144464
15 32 0.0
15 33 0.0
15 34 0.0
15 35 0.0
15 36 0.0
15 37 0.0
15 38 0.0
15 39 0.0
15 40 0.0
15 41 0.0
15 42 0.0
15 43 0.0
15 44 0.0
15 45 0.0
15 46 0.0
15 47 0.0
15 48 0.0
15 49 0.0
15 50 0.0
15 51 0.0
15 52 0.0
15 53 0.0
15 54 0.0004455909943714822
16 0 0.009152514696276943
16 1 0.0
16 2 0.0
16 3 0.0001551273677335075
16 4 0.0009307642064010451
16 5 0.0
16 6 0.0
16 7 0.0
16 8 0.0001551273677335075
16 9 0.0
16 10 0.00062050947093403
16 11 0.10502122795558458
16 12 0.014116590463749183
16 13 0.09183540169823644
16 14 0.6473465055519267
16 15 0.2944317439581972
16 16 0.0
16 17 0.49749346832135855
16 18 0.6465708687132593
16 19 0.31304702808621815
16 20 0.34453788373612015
16 21 0.1881694970607446
16 22 0.3536903984323971
16 23 0.28233180927498364
16 24 0.29396636185499675
16 25 0.09478282168517309
16 26 0.23610385369039844
16 27 0.0032576747224036576
16 28 0.0023269105160026123
16 29 0.0009307642064010451
16 30 0.008842259960809928
16 32 0.0
16 33 0.0
16 34 0.0001551273677335075
16 35 0.0
16 36 0.0
16 37 0.0
16 38 0.0001551273677335075
16 39 0.0
16 40 0.0
16 41 0.0
16 42 0.0
16 43 0.0
16 44 0.0
16 45 0.0
16 46 0.0
16 47 0.0
16 48 0.0
16 49 0.0
16 50 0.0
16 51 0.0
16 52 0.0
16 53 0.0
16 54 0.0
17 0 0.028899159663865547
17 1 0.0
17 2 0.0
17 3 0.0017563025210084033
17 4 0.00047899159663865543
17 5 0.0
17 6 0.0
17 7 0.0
17 8 0.0
17 9 0.0
17 10 0.0
17 11 0.004470588235294118
17 12 0.0015966386554621848
17 13 0.02490756302521008
17 14 0.23103361344537815
17 15 0.046941176470588236
17 16 0.2795714285714286
17 17 0.0
17 18 0.3378487394957983
17 19 0.4757983193277311
17 20 0.5463697478991596
17 21 0.41464705882352937
17 22 0.1735546218487395
17 23 0.2738235294117647
17 24 0.06147058823529412
17 25 0.009739495798319326
17 26 0.024747899159663866
17 27 0.0025546218487394958
17 28 0.0019159663865546217
17 29 0.0014369747899159663
17 30 0.0012773109243697479
17 32 0.0
17 33 0.0
17 34 0.00015966386554621849
17 35 0.0
17 36 0.0
17 37 0.00015966386554621849
17 38 0.00015966386554621849
17 39 0.0
17 40 0.0
17 41 0.0
17 42 0.0
17 43 0.0
17 44 0.0
17 45 0.0
17 46 0.0
17 47 0.0
17 48 0.0
17 49 0.0
17 50 0.0
17 51 0.0
17 52 0.0
17 53 0.0
17 54 0.00031932773109243697
18 0 0.0045741144101799835
18 1 0.00032672245786999885
18 2 0.00032672245786999885
18 3 0.00032672245786999885
18 4 0.0006534449157399977
18 5 0.0
18 6 0.00021781497191333257
18 7 0.00043562994382666514
18 8 0.00032672245786999885
18 9 0.00021781497191333257
18 10 0.00021781497191333257
18 11 0.03430585807634988
18 12 0.0006534449157399977
18 13 0.003049409606786656
18 14 0.3468703427719821
18 15 0.18710306087355266
18 16 0.23371546486300582
18 17 0.21019144789636593
18 18 0.0
18 19 0.03920669494439986
18 20 0.5022813252321449
18 21 0.6792559899117275
18 22 0.7102946234093774
18 23 0.5721999312163246
18 24 0.658236845122091
18 25 0.31626733921815886
18 26 0.22783446062134585
18 27 0.0190588100424166
18 28 0.011762008483319958
18 29 0.0013068898314799954
18 30 0.0013068898314799954
18 32 0.00043562994382666514
18 33 0.0
18 34 0.00032672245786999885
18 35 0.00010890748595666628
18 36 0.00032672245786999885
18 37 0.00043562994382666514
18 38 0.00021781497191333257
18 39 0.00010890748595666628
18 40 0.0
18 41 0.0
18 42 0.0
18 43 0.0
18 44 0.0
18 45 0.0
18 46 0.0
18 47 0.0
18 48 0.0
18 49 0.0
18 50 0.0
18 51 0.0
18 52 0.00021781497191333257
18 53 0.0
18 54 0.0
19 0 0.08564302557591148
19 1 0.00017231997097768908
19 2 0.0
19 3 0.0063758389261744965
19 4 0.00017231997097768908
19 5 0.0
19 6 0.0
19 7 0.00017231997097768908
19 8 0.0
19 9 0.0
19 10 0.00034463994195537816
19 11 0.048938871757663704
19 12 0.00034463994195537816
19 13 0.02274623616905496
19 14 0.26709595501541805
19 15 0.043596952657355345
19 16 0.4835298385633956
19 17 0.7411481951750407
19 18 0.4709504806820243
19 19 0.0
19 20 0.41305097043352074
19 21 0.7611373118084527
19 22 0.5178215127879557
19 23 0.7047886812987484
19 24 0.23780155994921098
19 25 0.06651550879738799
19 26 0.4800834391438418
19 27 0.1309631779430437
19 28 0.04876655178668601
19 29 0.0022401596227099585
19 30 0.01688735715581353
19 32 0.0012062397968438236
19 33 0.0
19 34 0.0008615998548884454
19 35 0.0
19 36 0.0
19 37 0.00034463994195537816
19 38 0.00034463994195537816
19 39 0.0
19 40 0.0
19 41 0.0
19 42 0.0
19 43 0.0
19 44 0.0
19 45 0.0
19 46 0.0
19 47 0.0
19 48 0.0
19 49 0.0
19 50 0.0
19 51 0.0
19 52 0.0
19 53 0.0
19 54 0.0
20 0 0.2690641054277418
20 1 0.009442707169979898
20 2 0.009018315836497655
20 3 0.019309805673442034
20 4 0.004456109001563547
20 5 0.00010609783337056065
20 6 0.0
20 7 0.0012731740004467277
20 8 0.0003182935001116819
20 9 0.00010609783337056065
20 10 0.0
20 11 0.008912218003127094
20 12 0.0021219566674112126
20 13 0.013156131337949519
20 14 0.32158253294616934
20 15 0.18609559973196335
20 16 0.39044002680366313
20 17 0.5330355148536967
20 18 0.6595041322314049
20 19 0.2977105204377931
20 20 0.0
20 21 0.5856600402054948
20 22 0.6466662943935672
20 23 0.6162162162162163
20 24 0.5942539647085101
20 25 0.4289535403171767
20 26 0.47139267366540094
20 27 0.21240786240786239
20 28 0.052518427518427516
20 29 0.009442707169979898
20 30 0.09909537636810363
20 32 0.0229171320080411
20 33 0.008700022336385973
20 34 0.015490283672101856
20 35 0.021537860174223808
20 36 0.01506589233861961
20 37 0.016339066339066337
20 38 0.02482689300871119
20 39 0.012095153004243913
20 40 0.04678914451641724
20 41 0.04689524234978781
20 42 0.025251284342193432
20 43 0.03957449184721912
20 44 0.040953763681036405
20 45 0.0433940138485593
20 46 0.032147643511279876
20 47 0.01686955550591914
20 48 0.032359839178020995
20 49 0.010715881170426624
20 50 0.00976100067009158
20 51 0.019097610006700915
20 52 0.00042439133348224256
20 53 0.0
20 54 0.0
21 0 0.623516107678729
21 1 0.015511915269196822
21 2 0.007231906443071491
21 3 0.08762135922330097
21 4 0.0867828773168579
21 5 0.0005240511915269196
21 6 0.017398499558693735
21 7 0.008175198587819947
21 8 0.0005240511915269196
21 9 0.0020962047661076785
21 10 0.006707855251544572
21 11 0.10711606354810238
21 12 0.0008384819064430715
21 13 0.09516769638128861
21 14 0.1832082965578111
21 15 0.13101279788172993
21 16 0.2317354368932039
21 17 0.4776202559576345
21 18 0.6768645189761695
21 19 0.43779236540158867
21 20 0.5006785083848191
21 21 0.0
21 22 0.6646017210944395
21 23 0.6489849955869373
21 24 0.5444891879964695
21 25 0.3732292586054722
21 26 0.5739408649602824
21 27 0.189182480141218
21 28 0.13321381288614295
21 29 0.20521844660194175
21 30 0.05313879082082965
21 32 0.06896513680494262
21 33 0.00639342453662842
21 34 0.017608120035304504
21 35 0.04810789938217123
21 36 0.030499779346866724
21 37 0.03553067078552515
21 38 0.008280008826125331
21 39 0.001152912621359223
21 40 0.00020962047661076788
21 41 0.0
21 42 0.0
21 43 0.0
21 44 0.0
21 45 0.0
21 46 0.0
21 47 0.0
21 48 0.0
21 49 0.0
21 50 0.0
21 51 0.0
21 52 0.0
21 53 0.0
21 54 0.0
22 0 0.5652635470582021
22 1 0.025488539135945915
22 2 0.014450195415654378
22 3 0.0659290165839231
22 4 0.029000739410584134
22 5 0.00010034857927537762
22 6 0.01695890989753882
22 7 0.01184113235449456
22 8 0.016557515580437308
22 9 0.001605577268406042
22 10 0.034118516953628386
22 11 0.11449772895320587
22 12 0.013145663885074467
22 13 0.12112073518538077
22 14 0.26893419245801203
22 15 0.11730748917291643
22 16 0.3016478293017852
22 17 0.3843350586246963
22 18 0.6709306010351748
22 19 0.29412168585613185
22 20 0.5671701700644344
22 21 0.6484525192774901
22 22 0.0
22 23 0.7079592267877891
22 24 0.7295341713319954
22 25 0.4489595436780395
22 26 0.349714798774691
22 27 0.1937731065807542
22 28 0.22287419457061372
22 29 0.19397380373930495
22 30 0.1273423471004542
22 32 0.12814513573465722
22 33 0.06893947396218442
22 34 0.0488697581071089
22 35 0.08690186965247702
22 36 0.03110805957536706
22 37 0.07345516002957642
22 38 0.03251293968522235
22 39 0.01053660082391465
22 40 0.01575472694623429
22 41 0.00421464032956586
22 42 0.00010034857927537762
22 43 0.00010034857927537762
22 44 0.0
22 45 0.003411851695362839
22 46 0.0
22 47 0.0
22 48 0.00010034857927537762
22 49 0.0
22 50 0.0
22 51 0.0
22 52 0.0
22 53 0.00010034857927537762
22 54 0.0
23 0 0.7014786169244768
23 1 0.07282757051865332
23 2 0.07585304822565969
23 3 0.0770416287534122
23 4 0.049164012738853506
23 5 0.0006483166515013649
23 6 0.033064149226569604
23 7 0.06396724294813466
23 8 0.04462579617834395
23 9 0.001836897179253867
23 10 0.02128639672429481
23 11 0.07855436760691538
23 12 0.007347588717015468
23 13 0.07779799818016378
23 14 0.15483962693357597
23 15 0.1144278889899909
23 16 0.26246019108280255
23 17 0.3520359417652411
23 18 0.5480436760691537
23 19 0.32026842584167425
23 20 0.430806414922657
23 21 0.5475034121929025
23 22 0.6435623293903548
23 23 0.0
23 24 0.6557722929936306
23 25 0.33193812556869884
23 26 0.5294585987261146
23 27 0.33950181983621475
23 28 0.2665661965423112
23 29 0.23577115559599637
23 30 0.1537590991810737
23 32 0.15354299363057322
23 33 0.06191424021838035
23 34 0.11820973612374885
23 35 0.08752274795268426
23 36 0.06656050955414013
23 37 0.09811191992720655
23 38 0.03241583257506824
23 39 0.02452797998180164
23 40 0.02441992720655141
23 41 0.036521838034576884
23 42 0.00021610555050045495
23 43 0.00032415832575068246
23 44 0.0
23 45 0.00021610555050045495
23 46 0.0
23 47 0.0
23 48 0.0
23 49 0.0
23 50 0.0
23 51 0.0
23 52 0.0
23 53 0.0
23 54 0.017720655141037305
24 0 0.6934377809169128
24 1 0.01317580583022987
24 2 0.019031719532554257
24 3 0.0817387954282779
24 4 0.06051110825735199
24 5 0.0007319892127905484
24 6 0.0035379478618209836
24 7 0.023911647617824577
24 8 0.0003659946063952742
24 9 0.005977911904456144
24 10 0.001951971234108129
24 11 0.06673301656607165
24 12 0.027449595479645563
24 13 0.07771285475792988
24 14 0.20080904070887373
24 15 0.12175420572749453
24 16 0.23838448696545525
24 17 0.2638821112109927
24 18 0.5020226017721844
24 19 0.17165147039938358
24 20 0.3696545524592269
24 21 0.38185437267240274
24 22 0.586933350455888
24 23 0.5821754205727494
24 24 0.0
24 25 0.5639976884551174
24 26 0.599011172466932
24 27 0.3517208167458584
24 28 0.2503403107743675
24 29 0.1334660331321433
24 30 0.1343200205470656
24 32 0.07088095543855143
24 33 0.08149479902401438
24 34 0.035745473224605105
24 35 0.059291126236034414
24 36 0.06770900218312571
24 37 0.08588673430075766
24 38 0.06246307949146013
24 39 0.003903942468216258
24 40 0.027937588288172593
24 41 0.0037819442660844992
24 42 0.001951971234108129
24 43 0.0037819442660844992
24 44 0.0
24 45 0.0
24 46 0.0
24 47 0.0
24 48 0.0
24 49 0.0
24 50 0.0
24 51 0.0
24 52 0.0
24 53 0.0
24 54 0.0
25 0 0.7388888888888888
25 1 0.031038047973531845
25 2 0.014667769506479184
25 3 0.1200923628342983
25 4 0.0732078853046595
25 5 0.0005238489109456851
25 6 0.012572373862696443
25 7 0.054742211193824095
25 8 0.003143093465674111
25 9 0.023835125448028672
25 10 0.015846429556106975
25 11 0.018072787427626136
25 12 0.004976564653984009
25 13 0.0449200441135925
25 14 0.06823132065067548
25 15 0.1377722635787152
25 16 0.1981458505652054
25 17 0.19002619244554728
25 18 0.47814309346567413
25 19 0.13017645437000275
25 20 0.37717121588089325
25 21 0.3758615936035291
25 22 0.4607251171767301
25 23 0.42497242900468707
25 24 0.7172801213123793
25 25 0.0
25 26 0.7577474496829335
25 27 0.3461331679073614
25 28 0.5512200165425971
25 29 0.22185001378549765
25 30 0.2331127653708299
25 32 0.156368899917287
25 33 0.09285221946512269
25 34 0.09442376619795974
25 35 0.09769782189137027
25 36 0.13489109456851392
25 37 0.06142128480838158
25 38 0.03208574579542321
25 39 0.01741797628894403
25 40 0.042955610697546186
25 41 0.002357320099255583
25 42 0.004845602426247587
25 43 0.006024262475875379
25 44 0.00013096222773642128
25 45 0.00026192445547284257
25 46 0.0
25 47 0.0
25 48 0.00013096222773642128
25 49 0.0
25 50 0.0
25 51 0.0
25 52 0.0
25 53 0.0
25 54 0.000916735594154949
26 0 0.697787610619469
26 1 0.0852718078381795
26 2 0.05591375193145104
26 3 0.13945076555696026
26 4 0.07299480264082032
26 5 0.0008006742520016856
26 6 0.05124315212810788
26 7 0.05444584913611462
26 8 0.042702626773423236
26 9 0.07366203118415507
26 10 0.029224610198061524
26 11 0.03402865571007164
26 12 0.038432364096080904
26 13 0.04750667228543334
26 14 0.12090181205225453
26 15 0.05724820901812052
26 16 0.16613990729034978
26 17 0.15479702205365922
26 18 0.28677482792527037
26 19 0.1792175867397106
26 20 0.25087793229386146
26 21 0.3917966006461582
26 22 0.19242871189773844
26 23 0.3909959263941565
26 24 0.6154516083719623
26 25 0.6644261834527322
26 26 0.0
26 27 0.31293018682399215
26 28 0.5305801376597836
26 29 0.3505618766680713
26 30 0.2644893945778901
26 32 0.19950133445708665
26 33 0.1107599381935665
26 34 0.08206911083017276
26 35 0.0751299339794915
26 36 0.1606686332350049
26 37 0.1511939879196516
26 38 0.0628529287821323
26 39 0.043236409608091025
26 40 0.039233038348082595
26 41 0.014011799410029498
26 42 0.016013485040033713
26 43 0.009074308189352436
26 44 0.0008006742520016856
26 45 0.014011799410029498
26 46 0.0014679027953364236
26 47 0.004003371260008428
26 48 0.006005056890012642
26 49 0.0006672285433347381
26 50 0.0
26 51 0.0
26 52 0.016013485040033713
26 53 0.030959404410731844
26 54 0.041368169686753754
27 0 0.6857731015553522
27 1 0.062000609942055494
27 2 0.12197316254955777
27 3 0.13240317169868862
27 4 0.09676730710582494
27 5 0.0011588899054589814
27 6 0.03418725221103995
27 7 0.03157974992375724
27 8 0.03476669716376944
27 9 0.03273863982921622
27 10 0.057365050320219574
27 11 0.09415980481854223
27 12 0.03215919487648673
27 13 0.050121988411100944
27 14 0.08344007319304665
27 15 0.04577615126562976
27 16 0.05330893565111314
27 17 0.13066483684050015
27 18 0.2659652333028362
27 19 0.16195486428789263
27 20 0.17064653857883502
27 21 0.17788960048795363
27 22 0.2210582494663007
27 23 0.44791094845989626
27 24 0.585818847209515
27 25 0.3328911253430924
27 26 0.618847209515096
27 27 0.0
27 28 0.41372369624885635
27 29 0.3667886550777676
27 30 0.29551692589204026
27 32 0.09792619701128392
27 33 0.1631137541933516
27 34 0.169487648673376
27 35 0.16021652942970416
27 36 0.1691979261970113
27 37 0.11328148825861543
27 38 0.16514181152790486
27 39 0.020280573345532172
27 40 0.08083257090576396
27 41 0.02781335773101555
27 42 0.03244891735285148
27 43 0.03186947240012199
27 44 0.01303751143641354
27 45 0.0020280573345532174
27 46 0.01941140591643794
27 47 0.00869167429094236
27 48 0.022598353156450136
27 49 0.0
27 50 0.0
27 51 0.0034766697163769443
27 52 0.00028972247636474535
27 53 0.0
27 54 0.013616956389143032
28 0 0.7802298311444653
28 1 0.1672080206378987
28 2 0.055141885553470917
28 3 0.12008677298311443
28 4 0.059931988742964355
28 5 0.0011139774859287054
28 6 0.06550187617260787
28 7 0.0567014540337711
28 8 0.034199108818011255
28 9 0.02094277673545966
28 10 0.09067776735459662
28 11 0.08054057223264541
28 12 0.0035647279549718574
28 13 0.053470919324577856
28 14 0.07608466228893057
28 15 0.04099437148217636
28 16 0.06093456848030019
28 17 0.1141826923076923
28 18 0.2203447467166979
28 19 0.09190314258911819
28 20 0.06249413696060037
28 21 0.10070356472795497
28 22 0.21455206378986866
28 23 0.29509263602251407
28 24 0.3497889305816135
28 25 0.5538696060037522
28 26 0.7058161350844278
28 27 0.29509263602251407
28 28 0.0
28 29 0.35391064727954974
28 30 0.4927122420262664
28 32 0.2371658067542214
28 33 0.09970098499061913
28 34 0.1852544559099437
28 35 0.16631683864915572
28 36 0.1541744840525328
28 37 0.1633090994371482
28 38 0.0778670262664165
28 39 0.04600727016885553
28 40 0.0851078799249531
28 41 0.020051594746716698
28 42 0.011808161350844277
28 43 0.023616322701688553
28 44 0.007240853658536585
28 45 0.012699343339587242
28 46 0.00623827392120075
28 47 0.0015595684803001875
28 48 0.0045673076923076926
28 49 0.00011139774859287054
28 50 0.0
28 51 0.0
28 52 0.00011139774859287054
28 53 0.019383208255159472
28 54 0.03397631332082552
29 0 0.7842455858747993
29 1 0.07715890850722312
29 2 0.09210272873194221
29 3 0.22461476725521667
29 4 0.07121187800963082
29 5 0.0006099518459069021
29 6 0.06938202247191011
29 7 0.054743178170144464
29 8 0.03842696629213483
29 9 0.055505617977528086
29 10 0.0896629213483146
29 11 0.057792937399678966
29 12 0.046813804173354734
29 13 0.09118780096308185
29 14 0.04437399678972712
29 15 0.009149277688603531
29 16 0.040104333868378805
29 17 0.08508828250401283
29 18 0.10475922953451043
29 19 0.04040930979133226
29 20 0.028057784911717492
29 21 0.1578250401284109
29 22 0.18832263242375602
29 23 0.2735634028892456
29 24 0.17398876404494382
29 25 0.16224719101123594
29 26 0.638314606741573
29 27 0.34675762439807384
29 28 0.3662760834670947
29 29 0.0
29 30 0.49360353130016044
29 32 0.48048956661316206
29 33 0.16514446227929372
29 34 0.17795345104333868
29 35 0.14776083467094703
29 36 0.1803932584269663
29 37 0.25480738362760835
29 38 0.11619582664526484
29 39 0.017993579454253613
29 40 0.07990369181380416
29 41 0.03263242375601926
29 42 0.007319422150882824
29 43 0.04239165329052969
29 44 0.003659711075441412
29 45 0.02622792937399679
29 46 0.003659711075441412
29 47 0.010064205457463882
29 48 0.0045746388443017654
29 49 0.005184590690208667
29 50 0.0
29 51 0.0
29 52 0.017841091492776885
29 53 0.03400481540930979
29 54 0.025770465489566612
30 0 0.72803738317757
30 1 0.23906997948484157
30 2 0.12364941873717802
30 3 0.23235696375655343
30 4 0.17865283793024847
30 5 0.0017323911556872578
30 6 0.06344882607704581
30 7 0.05002279462046957
30 8 0.04287668110325963
30 9 0.0511055390927741
30 10 0.053054479142922266
30 11 0.08228857989514475
30 12 0.03573056758604969
30 13 0.09766355140186915
30 14 0.03464782311374515
30 15 0.022087987235012537
30 16 0.047424207886938685
30 17 0.09073398677912012
30 18 0.15656485069523593
30 19 0.05846820150444495
30 20 0.0807727376339184
30 21 0.03746295874173695
30 22 0.11065648506952358
30 23 0.1440050148165033
30 24 0.18731479370868473
30 25 0.18190107134716205
30 26 0.5292454980624572
30 27 0.2306245726008662
30 28 0.49416457715979023
30 29 0.48485297469797123
30 30 0.0
30 32 0.43547982676088437
30 33 0.23798723501253702
30 34 0.2644062001367677
30 35 0.26613859129245493
30 36 0.2854114428994757
30 37 0.14270572144973784
30 38 0.16002963300661044
30 39 0.02901755185776157
30 40 0.0602005926601322
30 41 0.02880100296330066
30 42 0.029234100752222474
30 43 0.03248233416913608
30 44 0.0179735582402553
30 45 0.0240369272851607
30 46 0.01775700934579439
30 47 0.009095053567358104
30 48 0.030749943013448827
30 49 0.0
30 50 0.0
30 51 0.0032482334169136083
30 52 0.002165488944609072
30 53 0.030966491907909732
30 54 0.02511967175746524
31 0 0.7824616881537338
31 1 0.31139017270737046
31 2 0.12340063244952565
31 3 0.10734006324495257
31 4 0.15263317927511555
31 5 0.00092434930673802
31 6 0.1208586718559961
31 7 0.05372780345414741
31 8 0.046564096326927755
31 9 0.12293845779615666
31 10 0.09174166869374849
31 11 0.049221600583799555
31 12 0.03269885672585745
31 13 0.04563974702018973
31 14 0.04240452444660666
31 15 0.014558501581123814
31 16 0.01617611286791535
31 17 0.03500972999270251
31 18 0.06343347117489662
31 19 0.03350766236925322
31 20 0.04402213573339819
31 21 0.1087265872050596
31 22 0.04875942593043055
31 23 0.18637192897105326
31 24 0.17181342738992944
31 25 0.10664680126489905
31 26 0.32768182923862804
31 27 0.11080637314522013
31 28 0.3841826806129895
31 29 0.24911213816589634
31 30 0.24714789588907804
31 32 0.531731938701046
31 33 0.1576015567988324
31 34 0.25673801994648504
31 35 0.4362928727803454
31 36 0.2533872537095597
31 37 0.268639017270737
31 38 0.17516419362685476
31 39 0.06921065434200924
31 40 0.13137314522014107
31 41 0.03558744830941377
31 42 0.02969472147895889
31 43 0.03050352712235466
31 31 0.0
31 44 0.017447093164680124
31 45 0.004390659207005594
31 46 0.019757966431525175
31 47 0.015136219897835076
31 48 0.038360496229627825
31 49 0.008550231087326684
31 50 0.0
31 51 0.0019642422768182924
31 52 0.015020676234492825
31 53 0.02738384821211384
31 54 0.04540865969350522
32 0 0.7376545272302037
32 1 0.1282325425993986
32 2 0.1307718008686936
32 3 0.38088874039425324
32 4 0.16409956565319078
32 5 0.000952221850985633
32 6 0.17108252589375206
32 7 0.1110925492816572
32 8 0.04856331440026729
32 9 0.1507684597393919
32 10 0.14156364851319747
32 11 0.14315068493150684
32 12 0.03904109589041096
32 13 0.07236886067490812
32 14 0.033645172068159035
32 15 0.0015870364183093884
32 16 0.003808887403942532
32 17 0.027297026394921483
32 18 0.07014700968927497
32 19 0.0326929502171734
32 20 0.052372201804209824
32 21 0.041580354159705984
32 22 0.11712328767123287
32 23 0.14632475776812562
32 24 0.0768125626461744
32 25 0.09490477781490143
32 26 0.43802205145339124
32 27 0.07649515536251253
32 28 0.27836618777146677
32 29 0.4694453725359171
32 30 0.4481790845305713
32 32 0.0
32 33 0.24726027397260272
32 34 0.6170397594386903
32 35 0.3370865352489141
32 36 0.2685265619779485
32 37 0.3167724690945539
32 38 0.07712996992983628
32 39 0.04221516872702973
32 40 0.0469762779819579
32 41 0.053959238222519204
32 42 0.023805546274640828
32 43 0.03745405947210157
32 44 0.018727029736050785
32 45 0.021901102572669563
32 46 0.020314066154360173
32 47 0.0003174072836618777
32 48 0.015870364183093885
32 49 0.0
32 50 0.0
32 51 0.002221850985633144
32 52 0.026662211827597728
32 53 0.0326929502171734
32 54 0.0555462746408286
33 0 0.6974683544303797
33 1 0.548404535864979
33 2 0.46372626582278476
33 3 0.6501186708860759
33 4 0.43391350210970464
33 5 0.0017536919831223627
33 6 0.23599683544303796
33 7 0.23950421940928265
33 8 0.10998154008438818
33 9 0.14380274261603376
33 10 0.17712289029535863
33 11 0.16810390295358651
33 12 0.07540875527426161
33 13 0.08893723628691982
33 14 0.08392668776371308
33 15 0.0015031645569620253
33 16 0.010021097046413501
33 17 0.03432225738396624
33 18 0.036827531645569615
33 19 0.0012526371308016876
33 20 0.03231803797468354
33 21 0.011774789029535864
33 22 0.05611814345991561
33 23 0.04409282700421941
33 24 0.07590981012658227
33 25 0.04684862869198312
33 26 0.19766613924050633
33 27 0.15582805907172995
33 28 0.0886867088607595
33 29 0.1716112869198312
33 30 0.22121571729957806
33 32 0.1921545358649789
33 33 0.0
33 34 0.14655854430379744
33 35 0.20192510548523207
33 36 0.5854825949367088
33 37 0.17712289029535863
33 38 0.08192246835443037
33 39 0.13102584388185654
33 40 0.06588871308016878
33 41 0.03782964135021097
33 42 0.02430116033755274
33 43 0.03632647679324894
33 44 0.02054324894514768
33 45 0.03306962025316455
33 46 0.024802215189873418
33 47 0.006012658227848101
33 48 0.03256856540084388
33 49 0.012275843881856539
33 50 0.010021097046413501
33 51 0.01327795358649789
33 52 0.03482331223628692
33 53 0.053111814345991555
33 54 0.06513713080168776
34 0 0.749437169767976
34 1 0.2583965081552952
34 2 0.4386629910406616
34 3 0.5495290604181023
34 4 0.42098552722260507
34 5 0.0013094417643004824
34 6 0.17524695612221455
34 7 0.27498277050310127
34 8 0.14643923730760394
34 9 0.2149666896393292
34 10 0.21103836434642773
34 11 0.10955662761314035
34 12 0.03950149322306455
34 13 0.05957960027567195
34 14 0.06612680909717436
34 15 0.0024006432345508844
34 16 0.01047553411440386
34 17 0.040374454399264875
34 18 0.04190213645761544
34 19 0.02858947852056053
34 20 0.03251780381346198
34 21 0.017240983229956354
34 22 0.03862853204686423
34 23 0.08140362968067999
34 24 0.026188835286009647
34 25 0.04299333792786583
34 26 0.1267976108430967
34 27 0.11152079025959108
34 28 0.14338387319090282
34 29 0.13683666436940042
34 30 0.22631518492993338
34 32 0.49431426602343204
34 33 0.12636113025499654
34 34 0.0
34 35 0.5800827015851137
34 36 0.3814840339995405
34 37 0.2570870663909947
34 38 0.09820813232253618
34 39 0.10999310820124052
34 40 0.13181713760624855
34 41 0.04997702733746841
34 42 0.024442912933609003
34 43 0.03382724557776246
34 44 0.02815299793246037
34 45 0.03688260969446359
34 46 0.024224672639558922
34 47 0.017677463818056512
34 48 0.024442912933609003
34 49 0.016368022053756027
34 50 0.0
34 51 0.017677463818056512
34 52 0.044302779692166325
34 53 0.031426602343211575
34 54 0.06263496439237308
35 0 0.7260211134849817
35 1 0.28677893678522054
35 2 0.3345356290059067
35 3 0.318895312303632
35 4 0.21502450672363954
35 5 0.0011939173055171546
35 6 0.15485107452557498
35 7 0.23627623476184492
35 8 0.17478949352771145
35 9 0.1444639939675757
35 10 0.11592937036571573
35 11 0.11533241171295715
35 12 0.04130953877089355
35 13 0.08512630388337313
35 14 0.053248711826065095
35 15 0.0074022872942063585
35 16 0.0016714842277240165
35 17 0.021251728038205353
35 18 0.022684428804825938
35 19 0.010984039210757822
35 20 0.023997737840894807
35 21 0.017550584391102172
35 22 0.04035440492647983
35 23 0.03175820032675631
35 24 0.02757948975744627
35 25 0.029847932637928867
35 26 0.06912781198944326
35 27 0.09324494156088978
35 28 0.08811109714716601
35 29 0.08166394369737338
35 30 0.18123664697750408
35 32 0.21980017594570816
35 33 0.14410581877592055
35 34 0.5727221314565791
35 35 0.0
35 36 0.525323614427548
35 37 0.5846613045117506
35 38 0.315552343848184
35 39 0.1922206861882619
35 40 0.0710380796782707
35 41 0.05957647354530601
35 42 0.06578484353399522
35 43 0.07748523312806332
35 44 0.04226467261530728
35 45 0.037966570315445515
35 46 0.04333919819027272
35 47 0.024833479954756817
35 48 0.05730803066482342
35 49 0.01743119266055046
35 50 0.007999245946964936
35 51 0.019819027271584768
35 52 0.01635666708558502
35 53 0.04178710569310041
35 54 0.058382556239788864
36 0 0.7003804276531549
36 1 0.2892496392496392
36 2 0.20787091696182605
36 3 0.27516725698543876
36 4 0.2225764134855044
36 5 0.0018693427784336875
36 6 0.0694149285058376
36 7 0.06605011150465696
36 8 0.049350649350649346
36 9 0.1046831955922865
36 10 0.12474747474747473
36 11 0.10804801259346714
36 12 0.04910140364685819
36 13 0.045611963793781976
36 14 0.04374262101534829
36 15 0.0
36 16 0.0066050111504656955
36 17 0.012462285189557916
36 18 0.030158730158730156
36 19 0.0026170798898071624
36 20 0.01969041059950151
36 21 0.017322576413485506
36 22 0.023802964712055622
36 23 0.03240194149285058
36 24 0.0352682670864489
36 25 0.04660894660894661
36 26 0.21447592811229174
36 27 0.0765184310638856
36 28 0.07265512265512265
36 29 0.09583497310770038
36 30 0.16462678735406008
36 32 0.13957759412304865
36 33 0.42596090777908957
36 34 0.3216515807424898
36 35 0.48191656828020457
36 36 0.0
36 37 0.3862062180243998
36 38 0.35417814508723594
36 39 0.26868686868686864
36 40 0.1925423061786698
36 41 0.2045060999606454
36 42 0.10568017840745113
36 43 0.21023875114784205
36 44 0.04498884953430408
36 45 0.07103502558048012
36 46 0.024675324675324673
36 47 0.049475272202544926
36 48 0.0825003279548734
36 49 0.008100485373212646
36 50 0.007851239669421488
36 51 0.034395907123179845
36 52 0.0119637937819756
36 53 0.03040797586252132
36 54 0.03576675849403122
37 0 0.7034529670899197
37 1 0.25048587717025134
37 2 0.16050790360196943
37 3 0.30612205234516715
37 4 0.22106763410209898
37 5 0.0013539777144337911
37 6 0.06486784140969162
37 7 0.07557657424203161
37 8 0.06376004146151852
37 9 0.12136563876651982
37 10 0.12998186058564395
37 11 0.07397641876133712
37 12 0.03237237626328064
37 13 0.05686706400621923
37 14 0.05354366416169992
37 15 0.0
37 16 0.0012308888313034465
37 17 0.02437159885980824
37 18 0.030402954133195124
37 19 0.010585643949209638
37 20 0.016001554806944804
37 21 0.018463332469551695
37 22 0.03200310961388961
37 23 0.040250064783622704
37 24 0.0413578647317958
37 25 0.02301762114537445
37 26 0.18094065820160662
37 27 0.04345037574501166
37 28 0.08308499611298263
37 29 0.13355143819642395
37 30 0.0788999740865509
37 32 0.16555454781031353
37 33 0.08887017362010884
37 34 0.16592381445970458
37 35 0.5438066856698627
37 36 0.3595426276237367
37 37 0.0
37 38 0.5105726872246695
37 39 0.40767038092770147
37 40 0.48977066597564134
37 41 0.17466312516195906
37 42 0.13662866027468257
37 43 0.22783752267426793
37 44 0.06819124125421093
37 45 0.10044052863436123
37 46 0.05428219746048199
37 47 0.05317439751230888
37 48 0.06708344130603783
37 49 0.047019953355791656
37 50 0.014155221559989634
37 51 0.03249546514641099
37 52 0.02461777662606893
37 53 0.03815755377040684
37 54 0.03200310961388961
38 0 0.6369290002610284
38 1 0.08456016705820935
38 2 0.12101279039415294
38 3 0.16527669015922736
38 4 0.22243539545810492
38 5 0.0008679196032367528
38 6 0.05641477421038893
38 7 0.050711302531975984
38 8 0.04252806055860089
38 9 0.05728269381362568
38 10 0.07042547637692509
38 11 0.05480292351866353
38 12 0.044263899765074395
38 13 0.056042808666144604
38 14 0.02566562255285826
38 15 0.0014878621769772904
38 16 0.00024797702949621507
38 17 0.023557817802140432
38 18 0.026037588097102583
38 19 0.024673714434873397
38 20 0.026285565126598798
38 21 0.011902897415818323
38 22 0.023929783346384754
38 23 0.020830070477682067
38 24 0.03980031323414252
38 25 0.019962150874445316
38 26 0.0805925345862699
38 27 0.09881884625424171
38 28 0.05145523362046463
38 29 0.07687287914382668
38 30 0.1068780997128687
38 32 0.05343904985643435
38 33 0.06311015400678674
38 34 0.08456016705820935
38 35 0.3139389193422083
38 36 0.3936635343252414
38 37 0.5839859044635864
38 38 0.0
38 39 0.32869355259723304
38 40 0.7262007308796659
38 41 0.5414578439049856
38 42 0.3237340120073088
38 43 0.42726442182197855
38 44 0.11530931871574
38 45 0.22330331506134168
38 46 0.17978334638475593
38 47 0.09398329417906552
38 48 0.2022252675541634
38 49 0.09757896110676062
38 50 0.03868441660140955
38 51 0.1301879404855129
38 52 0.043643957191333856
38 53 0.034592795614722
38 54 0.030997128687026886
39 0 0.5921430014138558
39 1 0.15484750555443344
39 2 0.19898000403958793
39 3 0.18727529791961217
39 4 0.05391840032316703
39 5 0.00038376085639264796
39 6 0.07368208442738841
39 7 0.07886285598868914
39 8 0.042405574631387596
39 9 0.061977378307412644
39 10 0.07233892143001414
39 11 0.041829933346798624
39 12 0.012472227832761059
39 13 0.04681882447990304
39 14 0.0021106847101595634
39 15 0.0
39 16 0.0
39 17 0.0
39 18 0.017269238537669155
39 19 0.0
39 20 0.00825085841244193
39 21 0.01650171682488386
39 22 0.018036760250454455
39 23 0.027438901232074327
39 24 0.01592607554029489
39 25 0.02129872752979196
39 26 0.11167440921026055
39 27 0.024944455665522117
39 28 0.07080387800444354
39 29 0.02667137951928903
39 30 0.05506968289234498
39 32 0.060058574025449396
39 33 0.21010906887497474
39 34 0.2264189052716623
39 35 0.4146536053322561
39 36 0.5290143405372651
39 37 0.678105433245809
39 38 0.6059583922439912
39 39 0.0
39 40 0.7147545950313068
39 41 0.20243385174712178
39 42 0.32101595637245
39 43 0.4468895172692385
39 44 0.232175318117552
39 45 0.2820642294485962
39 46 0.08596243183195314
39 47 0.0721470410018178
39 48 0.17595435265602907
39 49 0.014582912542920622
39 50 0.026863259947485355
39 51 0.07349020399919208
39 52 0.02974146637043022
39 53 0.011896586548172085
39 54 0.035305998788123606
40 0 0.5432471264367815
40 1 0.21211206896551724
40 2 0.0820330459770115
40 3 0.20132902298850575
40 4 0.0857183908045977
40 5 0.0009554597701149425
40 6 0.04927442528735632
40 7 0.042722701149425286
40 8 0.050912356321839075
40 9 0.04108477011494253
40 10 0.06811063218390805
40 11 0.0526867816091954
40 12 0.03917385057471264
40 13 0.034260057471264364
40 14 0.04217672413793103
40 15 0.0
40 16 0.0010919540229885056
40 17 0.03207614942528735
40 18 0.024568965517241376
40 19 0.0
40 20 0.06319683908045977
40 21 0.0027298850574712643
40 22 0.01569683908045977
40 23 0.016515804597701148
40 24 0.024568965517241376
40 25 0.02334051724137931
40 26 0.05227729885057471
40 27 0.04818247126436782
40 28 0.06947557471264368
40 29 0.06660919540229886
40 30 0.05487068965517241
40 32 0.03917385057471264
40 33 0.0578735632183908
40 34 0.13922413793103447
40 35 0.09964080459770114
40 36 0.26370689655172413
40 37 0.5701364942528735
40 38 0.7235560344827585
40 39 0.5704094827586206
40 40 0.0
40 41 0.35966235632183907
40 42 0.4713146551724138
40 43 0.6370186781609195
40 44 0.16092672413793102
40 45 0.3824568965517241
40 46 0.15423850574712644
40 47 0.1632471264367816
40 48 0.3651221264367816
40 49 0.11069683908045977
40 50 0.06988505747126436
40 51 0.14113505747126437
40 52 0.039719827586206895
40 53 0.011192528735632184
40 54 0.02375
41 0 0.5154472794343683
41 1 0.10951429449738703
41 2 0.12119581924377495
41 3 0.08658930218260066
41 4 0.08293882569935444
41 5 0.0005840762373193974
41 6 0.09403627420842299
41 7 0.02584537350138334
41 8 0.04950046111281893
41 9 0.10644789425146017
41 10 0.012265600983707348
41 11 0.07695204426683062
41 12 0.00043805717798954806
41 13 0.044827851214263754
41 14 0.013579772517675991
41 15 0.0
41 16 0.0
41 17 0.0
41 18 0.0005840762373193974
41 19 0.0
41 20 0.06439440516446357
41 21 0.001606209652628343
41 22 0.01138948662772825
41 23 0.030810021518598213
41 24 0.01825238241623117
41 25 0.002774362127267138
41 26 0.04292960344297571
41 27 0.02788964033200123
41 28 0.029203811865969872
41 29 0.04030126037503842
41 30 0.044973870273593605
41 32 0.0807485398094067
41 33 0.05490316630802336
41 34 0.11112050415001537
41 35 0.16748386105133722
41 36 0.3619812480786966
41 37 0.3765831540116815
41 38 0.6899400553335382
41 39 0.2085152167230249
41 40 0.5245004611128189
41 41 0.0
41 42 0.6325545650169074
41 43 0.5483015677835843
41 44 0.3564325238241623
41 45 0.47397786658469104
41 46 0.39892407008914843
41 47 0.38622041192745155
41 48 0.4532431601598524
41 49 0.23465262834306794
41 50 0.20866123578235474
41 51 0.11842145711650784
41 52 0.0570934521979711
41 53 0.04760221334153089
41 54 0.039425146019059325
42 0 0.5604515659140569
42 1 0.02712308812818645
42 2 0.06711580480699197
42 3 0.10613983976693372
42 4 0.05217042971595047
42 5 0.0004151493080844865
42 6 0.028645302257829568
42 7 0.01051711580480699
42 8 0.0038747268754552072
42 9 0.008579752367079387
42 10 0.006504005826656955
42 11 0.061718863801893654
42 12 0.00013838310269482883
42 13 0.008994901675163874
42 14 0.0
42 15 0.0
42 16 0.0
42 17 0.0
42 18 0.008026219956300071
42 19 0.0
42 20 0.03930080116533139
42 21 0.003459577567370721
42 22 0.011070648215586306
42 23 0.00595047341587764
42 24 0.03833211944646759
42 25 0.02601602330662782
42 26 0.06697742170429716
42 27 0.0624107793153678
42 28 0.03348871085214858
42 29 0.019373634377276034
42 30 0.07929351784413692
42 32 0.046081573197378004
42 33 0.07085214857975236
42 34 0.0863510560815732
42 35 0.23954115076474872
42 36 0.28576110706482155
42 37 0.3527385287691187
42 38 0.524610342316096
42 39 0.33433357611070647
42 40 0.6014129643117261
42 41 0.6326875455207575
42 42 0.0
42 43 0.30195193008011656
42 44 0.5729060451565914
42 45 0.47922068463219225
42 46 0.5511798980335033
42 47 0.44476329206117987
42 48 0.5943554260742898
42 49 0.28603787327021124
42 50 0.2189220684632192
42 51 0.20798980335032774
42 52 0.06088856518572469
42 53 0.0542461762563729
42 54 0.03556445739257101
43 0 0.5777941176470588
43 1 0.10426470588235294
43 2 0.1048529411764706
43 3 0.13852941176470587
43 4 0.10602941176470587
43 5 0.0011764705882352942
43 6 0.02838235294117647
43 7 0.04485294117647058
43 8 0.018823529411764708
43 9 0.041176470588235294
43 10 0.023823529411764705
43 11 0.018970588235294114
43 12 0.017941176470588235
43 13 0.053235294117647054
43 14 0.01926470588235294
43 15 0.0
43 16 0.0
43 17 0.0
43 18 0.0
43 19 0.0
43 20 0.042647058823529406
43 21 0.0
43 22 0.007647058823529411
43 23 0.0026470588235294116
43 24 0.020294117647058824
43 25 0.03
43 26 0.04529411764705882
43 27 0.05558823529411764
43 28 0.05852941176470588
43 29 0.07941176470588235
43 30 0.08029411764705881
43 32 0.06220588235294117
43 33 0.0826470588235294
43 34 0.09852941176470588
43 35 0.23882352941176466
43 36 0.43985294117647056
43 37 0.4951470588235294
43 38 0.6769117647058823
43 39 0.45588235294117646
43 40 0.7255882352941176
43 41 0.5904411764705881
43 42 0.2610294117647059
43 43 0.0
43 44 0.32352941176470584
43 45 0.38544117647058823
43 46 0.36323529411764705
43 47 0.3841176470588235
43 48 0.2427941176470588
43 49 0.23294117647058823
43 50 0.12205882352941178
43 51 0.22897058823529412
43 52 0.12382352941176471
43 53 0.02514705882352941
43 54 0.02411764705882353
44 0 0.4777135293298035
44 1 0.05916817611815521
44 2 0.10192280897310854
44 3 0.1298523059774279
44 4 0.08140587989410618
44 5 0.0005294691375226417
44 6 0.06327156193395568
44 7 0.008736240769123589
44 8 0.008206771631600947
44 9 0.040901490873624075
44 10 0.023958478472899537
44 11 0.023826111188518878
44 12 0.0
44 13 0.0
44 14 0.0
44 15 0.0
44 16 0.0
44 17 0.0
44 18 0.0
44 19 0.0
44 20 0.052814546467883514
44 21 0.0
44 22 0.0
44 23 0.0
44 24 0.00013236728438066042
44 25 0.0058241605127490595
44 26 0.017075379685105196
44 27 0.018663787097673124
44 28 0.026605824160512746
44 29 0.008074404347220286
44 30 0.045931447680089166
44 32 0.05294691375226418
44 33 0.047652222377037756
44 34 0.10509962379824438
44 35 0.18756444196739586
44 36 0.1973596210115647
44 37 0.2971645534345827
44 38 0.40120523895778176
44 39 0.31834331893548834
44 40 0.4151038038177511
44 41 0.4619618224885049
44 42 0.7210045980214574
44 43 0.39829315870140725
44 44 0.0
44 45 0.7690539222516372
44 46 0.6153755050856904
44 47 0.5945938414379267
44 48 0.6763968231851748
44 49 0.353553016580744
44 50 0.2679113835864567
44 51 0.3579211369653058
44 52 0.049505364358367
44 53 0.04328410199247596
44 54 0.06194788909014908
45 0 0.5345773331867648
45 1 0.08584148620424316
45 2 0.04908211498296142
45 3 0.10662306254809276
45 4 0.07122128174123338
45 5 0.0006265801912718478
45 6 0.05482576673628668
45 7 0.07800923381334506
45 8 0.036237221061888536
45 9 0.03258216994613609
45 10 0.06819281081675277
45 11 0.05472133670440804
45 12 0.0001044300318786413
45 13 0.022765746949543805
45 14 0.01200945366604375
45 15 0.0
45 16 0.0
45 17 0.0
45 18 0.0001044300318786413
45 19 0.0
45 20 0.056078927118830384
45 21 0.0
45 22 0.012636033857315598
45 23 0.008249972518412663
45 24 0.0007310102231504891
45 25 0.0001044300318786413
45 26 0.04104100252830603
45 27 0.0007310102231504891
45 28 0.01733538529185446
45 29 0.035088490711223476
45 30 0.03738595141255359
45 32 0.025167637682752556
45 33 0.0659997801473013
45 34 0.09033197757502473
45 35 0.10359459162361218
45 36 0.20061009123886994
45 37 0.2765307244146422
45 38 0.39391008024623503
45 39 0.2680718918324722
45 40 0.49948884247554143
45 41 0.45186874793888093
45 42 0.4187644278333516
45 43 0.34127734417939976
45 44 0.6941464218973288
45 45 0.0
45 46 0.5935803011981972
45 47 0.6045454545454545
45 48 0.6753490161591733
45 49 0.4342200725513905
45 50 0.2942838298340112
45 51 0.43369792239199734
45 52 0.15789820820050565
45 53 0.10505661206991315
45 54 0.06902825107178191
46 0 0.45563396057347666
46 1 0.022558243727598563
46 2 0.03979614695340502
46 3 0.09353158602150537
46 4 0.10204413082437275
46 5 0.0008512544802867383
46 6 0.06469534050179211
46 7 0.06299283154121864
46 8 0.02702732974910394
46 9 0.04692540322580645
46 10 0.00936379928315412
46 11 0.07107974910394264
46 12 0.0003192204301075269
46 13 0.00021281362007168457
46 14 0.0
46 15 0.0
46 16 0.0
46 17 0.0
46 18 0.0
46 19 0.0
46 20 0.04671258960573477
46 21 0.0
46 22 0.0
46 23 0.0
46 24 0.0
46 25 0.0
46 26 0.00936379928315412
46 27 0.011598342293906808
46 28 0.014364919354838709
46 29 0.007022849462365591
46 30 0.021494175627240143
46 32 0.03575268817204301
46 33 0.04628696236559139
46 34 0.07810259856630825
46 35 0.17131496415770608
46 36 0.08895609318996416
46 37 0.23739359318996417
46 38 0.4131776433691756
46 39 0.10779009856630824
46 40 0.3672099014336917
46 41 0.4808523745519713
46 42 0.6518481182795699
46 43 0.371785394265233
46 44 0.555975582437276
46 45 0.6981350806451613
46 46 0.0
46 47 0.33358534946236557
46 48 0.7910282258064516
46 49 0.44829189068100356
46 50 0.3197524641577061
46 51 0.4615927419354839
46 52 0.1952564964157706
46 53 0.12428315412186378
46 54 0.03490143369175627
47 0 0.5379924536677394
47 1 0.09952280545999334
47 2 0.07769947841527022
47 3 0.07263899678171125
47 4 0.07864831872156253
47 5 0.0007379869048940184
47 6 0.018555099323049606
47 7 0.003689934524470092
47 8 0.061358339806902674
47 9 0.026778381977582952
47 10 0.06915991565863944
47 11 0.02372100765730773
47 12 0.0
47 13 0.00210853401398291
47 14 0.0
47 15 0.0
47 16 0.0
47 17 0.0
47 18 0.0
47 19 0.0
47 20 0.03426367772722229
47 21 0.0
47 22 0.0
47 23 0.0
47 24 0.0004217068027965819
47 25 0.0
47 26 0.03658306514260348
47 27 0.011596937076906002
47 28 0.008012429253135058
47 29 0.022245033847519698
47 30 0.014338031295083787
47 32 0.0004217068027965819
47 33 0.007801575851736766
47 34 0.0384807457551881
47 35 0.12819886805016092
47 36 0.19451226278992342
47 37 0.2542892020863389
47 38 0.34632671179669294
47 39 0.12935856175785151
47 40 0.4161191876595272
47 41 0.5819553878592831
47 42 0.5904949506159138
47 43 0.4816945954943957
47 44 0.6207524137165686
47 45 0.7703529020086561
47 46 0.3687825990456109
47 47 0.0
47 48 0.7271279547220064
47 49 0.3773221618022417
47 50 0.24153257130174227
47 51 0.3160692486960382
47 52 0.2883420264121629
47 53 0.17437576295638663
47 54 0.04765286871601376
48 0 0.3986616188546443
48 1 0.06291457822331237
48 2 0.05805161565532686
48 3 0.04001812946571398
48 4 0.08662152074224165
48 5 0.000405246880665458
48 6 0.001215740641996374
48 7 0.06109096726031779
48 8 0.08783726138423802
48 9 0.12907113149194838
48 10 0.09067398954889623
48 11 0.09199104191105897
48 12 0.03505385517756212
48 13 0.027556787885251146
48 14 0.05288471792684227
48 15 0.0
48 16 0.0
48 17 0.0
48 18 0.0
48 19 0.0
48 20 0.03444598485656393
48 21 0.0
48 22 0.0
48 23 0.0
48 24 0.0
48 25 0.0
48 26 0.015196758024954675
48 27 0.0045590274074864025
48 28 0.0021275461234936547
48 29 0.001215740641996374
48 30 0.03545910205822758
48 32 0.005977391489815506
48 33 0.026138423802922042
48 34 0.025530553481923852
48 35 0.11853471259464647
48 36 0.16594859763250505
48 37 0.16230137570651593
48 38 0.3257171803348619
48 39 0.12826063773061747
48 40 0.39126586328249974
48 41 0.3701930254878959
48 42 0.47859656606590595
48 43 0.17618108136930788
48 44 0.4480004265756638
48 45 0.6223578969819772
48 46 0.7674362802602112
48 47 0.46542604244427854
48 48 0.0
48 49 0.3572251253066012
48 50 0.36482350431907856
48 51 0.49875759837901246
48 52 0.30130105577476807
48 53 0.16108563506451956
48 54 0.06139490242081689
49 0 0.4602327233966957
49 1 0.007088292769586072
49 2 0.01468289216557115
49 3 0.0361165393497957
49 4 0.0896162728726239
49 5 0.0005063066263990051
49 6 0.031391010836738314
49 7 0.012320127909042458
49 8 0.098729792147806
49 9 0.15206075679516787
49 10 0.06126310179427962
49 11 0.1088559246757861
49 12 0.0016876887546633506
49 13 0.04219221886658377
49 14 0.03696038372712738
49 15 0.0
49 16 0.0
49 17 0.0
49 18 0.0
49 19 0.0
49 20 0.005569372890389056
49 21 0.0
49 22 0.0
49 23 0.0
49 24 0.0
49 25 0.0
49 26 0.018564576301296855
49 27 0.0
49 28 0.0018564576301296856
49 29 0.009619825901581098
49 30 0.0
49 32 0.0011813821282643452
49 33 0.030547166459406645
49 34 0.030378397583940304
49 35 0.07037662106946171
49 36 0.037972996979925386
49 37 0.2578788417125599
49 38 0.3463137324569195
49 39 0.018227038550364186
49 40 0.35306448747557295
49 41 0.3804050453011192
49 42 0.4102771362586605
49 43 0.33770651980813643
49 44 0.4168591224018475
49 45 0.7444395096820039
49 46 0.5999733522828211
49 47 0.41871558003197723
49 48 0.6970154556759637
49 49 0.0
49 50 0.3704476816486054
49 51 0.4695150115473441
49 52 0.30850950435246044
49 53 0.08775981524249422
49 54 0.08556581986143187
50 0 0.3041684254959899
50 1 0.0
50 2 0.023258758970029547
50 3 0.035088644997889405
50 4 0.06636766568172224
50 5 0.0008020261713803292
50 6 0.041705360911777116
50 7 0.01563951034191642
50 8 0.056943858168003375
50 9 0.1698290417897847
50 10 0.06616715913887716
50 11 0.12992823976361334
50 12 0.0
50 13 0.0555403123680878
50 14 0.005012663571127058
50 15 0.0
50 16 0.0
50 17 0.0
50 18 0.0
50 19 0.0
50 20 0.03528915154073448
50 21 0.0
50 22 0.0
50 23 0.0
50 24 0.0
50 25 0.0
50 26 0.0
50 27 0.0
50 28 0.0
50 29 0.0
50 30 0.0
50 32 0.0002005065428450823
50 33 0.02766990291262136
50 34 0.0
50 35 0.05834740396791895
50 36 0.043910932883073024
50 37 0.09945124525116082
50 38 0.20752427184466019
50 39 0.07298438159560995
50 40 0.30978260869565216
50 41 0.3408611228366399
50 42 0.3336428872942169
50 43 0.21915365132967496
50 44 0.35549810046433095
50 45 0.5668319966230477
50 46 0.4691853102574926
50 47 0.3344449134655973
50 48 0.7364605318699873
50 49 0.43730476994512446
50 50 0.0
50 51 0.6588644997889405
50 52 0.6584634867032503
50 53 0.13293583790628954
50 54 0.24862811312790203
51 0 0.35652643831060854
51 1 0.035857998004655806
51 2 0.018165946125706683
51 3 0.043440305952776856
51 4 0.09888593282341203
51 5 0.0007898237445959428
51 6 0.04391420019953442
51 7 0.02306285334220153
51 8 0.05086464915197871
51 9 0.09541070834718988
51 10 0.08040405719986699
51 11 0.12652976388427004
51 12 0.05670934486198869
51 13 0.02100931160625208
51 14 0.00868806119055537
51 15 0.0
51 16 0.0
51 17 0.0
51 18 0.0
51 19 0.0
51 20 0.0372796807449285
51 21 0.0
51 22 0.0
51 23 0.0
51 24 0.0
51 25 0.0
51 26 0.0009477884935151313
51 27 0.0018955769870302626
51 28 0.0
51 29 0.0
51 30 0.00221150648486864
51 32 0.0018955769870302626
51 33 0.010583638177585633
51 34 0.029065513801130694
51 35 0.057341203857665446
51 36 0.10867974725640173
51 37 0.11910542068506816
51 38 0.28670601928832723
51 39 0.09367309610907881
51 40 0.30850515463917527
51 41 0.16507316262055205
51 42 0.1972979714000665
51 43 0.27327901563019624
51 44 0.3295144662454273
51 45 0.5806784170269371
51 46 0.5255487196541403
51 47 0.2685400731626205
51 48 0.7326405054871965
51 49 0.3590538742933156
51 50 0.4140256069171932
51 51 0.0
51 52 0.6435483870967741
51 53 0.2405803126039242
51 54 0.22825906218822745
52 0 0.4609492273730684
52 1 0.05137969094922737
52 2 0.06291390728476821
52 3 0.0998233995584989
52 4 0.26318984547461366
52 5 0.0012582781456953642
52 6 0.19083885209713022
52 7 0.09290286975717438
52 8 0.40747240618101543
52 9 0.27220750551876377
52 10 0.2896136865342163
52 11 0.288355408388521
52 12 0.0960485651214128
52 13 0.14071743929359823
52 14 0.12834437086092715
52 15 0.0010485651214128034
52 16 0.002306843267108168
52 17 0.013002207505518764
52 18 0.03355408388520971
52 19 0.0
52 20 0.0010485651214128034
52 21 0.0
52 22 0.0
52 23 0.0
52 24 0.0033554083885209713
52 25 0.0
52 26 0.02684326710816777
52 27 0.0
52 28 0.0004194260485651214
52 29 0.01216335540838852
52 30 0.0008388520971302428
52 32 0.01782560706401766
52 33 0.03292494481236203
52 34 0.06438189845474614
52 35 0.0245364238410596
52 36 0.01740618101545254
52 37 0.053267108167770416
52 38 0.06249448123620308
52 39 0.016567328918322296
52 40 0.05158940397350993
52 41 0.039426048565121406
52 42 0.02768211920529801
52 43 0.07612582781456953
52 44 0.015728476821192054
52 45 0.11072847682119205
52 46 0.10275938189845474
52 47 0.18098233995584986
52 48 0.4208940397350993
52 49 0.1793046357615894
52 50 0.3911147902869757
52 51 0.5681125827814569
52 52 0.0
52 53 0.4324282560706401
52 54 0.5928587196467991
53 0 0.3635227829495345
53 1 0.14173199412052914
53 2 0.15150661440470356
53 3 0.11077902988731014
53 4 0.38563204311611954
53 5 0.0023272905438510533
53 6 0.3227951984321411
53 7 0.11101175894169524
53 8 0.550171484566389
53 9 0.3728319451249387
53 10 0.34257716805487504
53 11 0.18176139147476725
53 12 0.10356442920137186
53 13 0.21527437530622243
53 14 0.10240078392944635
53 15 0.0013963743263106319
53 16 0.0011636452719255266
53 17 0.0
53 18 0.0023272905438510533
53 19 0.0
53 20 0.0
53 21 0.0
53 22 0.00023272905438510532
53 23 0.0
53 24 0.0
53 25 0.0
53 26 0.018618324350808426
53 27 0.0
53 28 0.0009309162175404213
53 29 0.01698922097011269
53 30 0.011869181773640372
53 32 0.009076433121019108
53 33 0.06609505144536992
53 34 0.019781969622733955
53 35 0.0870406663400294
53 36 0.02141107300342969
53 37 0.07726604605585496
53 38 0.01838559529642332
53 39 0.0
53 40 0.0016291033806957373
53 41 0.01000734933855953
53 42 0.006050955414012739
53 43 0.0032582067613914746
53 44 0.0020945614894659482
53 45 0.0786624203821656
53 46 0.06190592846643801
53 47 0.09216070553650171
53 48 0.19665605095541402
53 49 0.023272905438510533
53 50 0.02350563449289564
53 51 0.23831455169034785
53 52 0.6316266536011759
53 53 0.0
53 54 0.7773150416462518
54 0 0.5120857517318854
54 1 0.1145478374836173
54 2 0.14674218311177684
54 3 0.19085377270174125
54 4 0.37992885227485484
54 5 0.0021344317543531173
54 6 0.1976128065905261
54 7 0.4519659239842726
54 8 0.6666541846096237
54 9 0.5549522561318105
54 10 0.26271297509829616
54 11 0.2740966111215128
54 12 0.22464894214566558
54 13 0.22126942520127316
54 14 0.13678150159146227
54 15 0.00017786931286275977
54 16 0.0021344317543531173
54 17 0.004268863508706235
54 18 0.0
54 19 0.0
54 20 0.0
54 21 0.0
54 22 0.0
54 23 0.0014229545029020782
54 24 0.0
54 25 0.0
54 26 0.061898520876240405
54 27 0.00017786931286275977
54 28 0.025613181052237408
54 29 0.027925482119453286
54 30 0.021166448230668412
54 32 0.08395431567122262
54 33 0.10725519565624414
54 34 0.11614866129938213
54 35 0.12450851900393184
54 36 0.032016476315296756
54 37 0.06118704362478936
54 38 0.014051675716158023
54 39 0.0014229545029020782
54 40 0.009249204268863508
54 41 0.006403295263059352
54 42 0.00017786931286275977
54 43 0.0
54 44 0.0012450851900393184
54 45 0.030415652499531924
54 46 0.004090994195843475
54 47 0.005513948698745553
54 48 0.03806403295263059
54 49 0.037352555701179554
54 50 0.1038756787118517
54 51 0.19868002246770267
54 52 0.6566935030893091
54 53 0.7036510016850777
54 54 0.0
 0 31 
1 31 0.4848813020068526
2 31 0.2622215751928956
3 31 0.1419450934579439
4 31 0.26943965517241375
5 31 0.0
6 31 0.2577364591754244
7 31 0.08948342815858394
8 31 0.08315853166599435
9 31 0.17612237921604376
10 31 0.13515953219030316
11 31 0.03176769467092047
12 31 0.02667236328125
13 31 0.04556261529001845
14 31 0.0
15 31 0.0008597285067873303
16 31 0.00025686088954981746
17 31 0.003425627817128139
18 31 0.0007024029574861367
19 31 0.01146881287726358
20 31 0.09322110190853439
21 31 0.22156040268456376
22 31 0.12216375770020535
23 31 0.29617387261738726
24 31 0.26297399783315273
25 31 0.3074971941638608
26 31 0.3369116809116809
27 31 0.2868109222050489
28 31 0.6162431941923774
29 31 0.5529442554305156
30 31 0.5499016909162406
32 31 0.6959422657952069
33 31 0.40528208586199144
34 31 0.4601273660003538
35 31 0.5747007945288143
36 31 0.3617631716223265
37 31 0.32912831905215273
38 31 0.2750895679662803
39 31 0.21913028532141626
40 31 0.21722094361334868
41 31 0.12946123842028276
42 31 0.14856559766763847
43 31 0.1299635357726644
44 31 0.07892964071856287
45 31 0.027072538860103627
46 31 0.08222916475236607
47 31 0.08242931844367632
48 31 0.08904971138106314
49 31 0.03656540333284176
50 31 0.0008134954615516356
51 31 0.005430842163970998
52 31 0.027941176470588233
53 31 0.03857114971696271
54 31 0.11486834140435835

