1 0 0.7538176770013882
1 1 0.0
1 2 0.25790529076045043
1 3 0.7751041184636742
1 4 0.2390868425111831
1 5 0.0023137436372049976
1 6 0.4169366034243406
1 7 0.1948172142526608
1 8 0.16335030078667284
1 9 0.2520438068795311
1 10 0.25127255900046275
1 11 0.16597254357550517
1 12 0.1372821224741632
1 13 0.15826006478482185
1 14 0.062162579052907604
1 15 0.0009254974548819991
1 16 0.012031466913465988
1 17 0.013882461823229986
1 18 0.043035631652012955
1 19 0.028998920252969303
1 20 0.01588770630880765
1 21 0.019743945704149314
1 22 0.028073422798087305
1 23 0.04812586765386395
1 24 0.016967453339503315
1 25 0.018201449946012648
1 26 0.1220114144686102
1 27 0.02791917322227364
1 28 0.12077741786210087
1 29 0.06987505784359092
1 30 0.17939225667129416
1 32 0.10010797470306956
1 33 0.4318988122782662
1 34 0.25775104118463676
1 35 0.323307110905445
1 36 0.38145920098719727
1 37 0.34428505321610364
1 38 0.09825697979330557
1 39 0.07619929045195126
1 40 0.18957272867499614
1 41 0.0626253277803486
1 42 0.010026222427888323
1 43 0.04241863334875829
1 44 0.021594940613913313
1 45 0.04504087613759062
1 46 0.012494215640906988
1 47 0.02745642449483264
1 48 0.04874286595711862
1 49 0.005398735153478328
1 50 0.0
1 51 0.027302174919018974
1 52 0.04519512571340429
1 53 0.08730525991053524
1 54 0.08422026839426192
2 0 0.671483286908078
2 1 0.346100278551532
2 2 0.0
2 3 0.4388927576601671
2 4 0.5988857938718662
2 5 0.002263231197771588
2 6 0.40668523676880225
2 7 0.5238509749303621
2 8 0.2576601671309192
2 9 0.20630222841225626
2 10 0.1613857938718663
2 11 0.11246518105849582
2 12 0.0927924791086351
2 13 0.07155292479108635
2 14 0.08356545961002786
2 15 0.0
2 16 0.002437325905292479
2 17 0.00644150417827298
2 18 0.039171309192200555
2 19 0.00504874651810585
2 20 0.008008356545961003
2 21 0.013753481894150418
2 22 0.013057103064066851
2 23 0.044220055710306405
2 24 0.020717270194986072
2 25 0.008704735376044569
2 26 0.08582869080779944
2 27 0.10219359331476323
2 28 0.03603760445682451
2 29 0.09940807799442897
2 30 0.13579387186629527
2 32 0.11995125348189414
2 33 0.4399373259052925
2 34 0.5571030640668524
2 35 0.4717966573816156
2 36 0.35132311977715874
2 37 0.2945682451253482
2 38 0.1998607242339833
2 39 0.1310933147632312
2 40 0.09331476323119778
2 41 0.0684192200557103
2 42 0.022632311977715876
2 43 0.04474233983286908
2 44 0.028551532033426183
2 45 0.031162952646239556
2 46 0.015668523676880222
2 47 0.027332869080779944
2 48 0.0443941504178273
2 49 0.004874651810584958
2 50 0.004352367688022284
2 51 0.009227019498607242
2 52 0.05170612813370473
2 53 0.09366295264623956
2 54 0.12360724233983288
3 0 0.6823378108030866
3 1 0.7533581023149472
3 2 0.2223492426407545
3 3 0.0
3 4 0.407830808802515
3 5 0.0017147756501857674
3 6 0.5075735924549871
3 7 0.16990568733923977
3 8 0.13961131751929123
3 9 0.18791083166619035
3 10 0.32695055730208633
3 11 0.22892254929979994
3 12 0.07830808802515005
3 13 0.12875107173478137
3 14 0.10002857959416976
3 15 0.002286367533581023
3 16 0.012575021434695627
3 17 0.04958559588453844
3 18 0.03329522720777365
3 19 0.03443841097456416
3 20 0.02643612460703058
3 21 0.025435838811088882
3 22 0.029865675907402117
3 23 0.03272363532437839
3 24 0.03986853386681909
3 25 0.032437839382680765
3 26 0.13489568448128036
3 27 0.04972849385538725
3 28 0.05244355530151472
3 29 0.11846241783366676
3 30 0.125178622463561
3 32 0.1986281794798514
3 33 0.44498428122320666
3 34 0.48528150900257216
3 35 0.24535581594741354
3 36 0.24449842812232067
3 37 0.2969419834238354
3 38 0.13446699056873393
3 39 0.06616176050300086
3 40 0.12932266361817663
3 41 0.02129179765647328
3 42 0.02200628751071735
3 43 0.038868248070877395
3 44 0.023006573306659044
3 45 0.030865961703343815
3 46 0.022720777364961416
3 47 0.01557587882252072
3 48 0.02029151186053158
3 49 0.008430980280080023
3 50 0.003715347242069163
3 51 0.01986281794798514
3 52 0.03758216633323807
3 53 0.0481566161760503
3 54 0.08359531294655616
4 0 0.6106623586429726
4 1 0.18534292847701572
4 2 0.5713026876193273
4 3 0.5178440299603466
4 4 0.0
4 5 0.0032310177705977385
4 6 0.29519753267733884
4 7 0.2161844617418123
4 8 0.15303275077103834
4 9 0.2163313261859304
4 10 0.31796152151564105
4 11 0.22308709061536203
4 12 0.11587604640916434
4 13 0.14304596857100896
4 14 0.08855925980320165
4 15 0.00587457776472316
4 16 0.025701277720663825
4 17 0.05125569099720958
4 18 0.041268908797180204
4 19 0.027757379938316933
4 20 0.012336613305918637
4 21 0.03862534880305478
4 22 0.020120428844176825
4 23 0.022470259950066088
4 24 0.03113526215303275
4 25 0.02526068438830959
4 26 0.08239095315024232
4 27 0.040828315464825966
4 28 0.027463651050080775
4 29 0.036128653253047434
4 30 0.10794536642678806
4 32 0.10926714642385078
4 33 0.314143045968571
4 34 0.4217946835071229
4 35 0.21559700396533998
4 36 0.28388897048024675
4 37 0.28227346159494787
4 38 0.2553972683213394
4 39 0.018945513291232192
4 40 0.07122925539726832
4 41 0.032163313261859304
4 42 0.016889411073579087
4 43 0.03319136437068586
4 44 0.02070788662064914
4 45 0.027169922161844617
4 46 0.028932295491261566
4 47 0.017770597738287562
4 48 0.05125569099720958
4 49 0.020561022176531062
4 50 0.012336613305918637
4 51 0.03098839770891467
4 52 0.1644881774122485
4 53 0.16492877074460274
4 54 0.1959171684535174
5 0 0.0
5 1 0.0
5 2 0.0
5 3 0.0
5 4 0.0
5 5 0.0
5 6 0.0
5 7 0.0
5 8 0.0
5 9 0.0
5 10 0.0
5 11 0.0
5 12 0.0
5 13 0.0
5 14 0.0
5 15 0.0
5 16 0.0
5 17 0.0
5 18 0.0
5 19 0.0
5 20 0.0
5 21 0.0
5 22 0.0
5 23 0.0
5 24 0.0
5 25 0.0
5 26 0.0
5 27 0.0
5 28 0.0
5 29 0.0
5 30 0.0
5 32 0.0
5 33 0.0
5 34 0.0
5 35 0.0
5 36 0.0
5 37 0.0
5 38 0.0
5 39 0.0
5 40 0.0
5 41 0.0
5 42 0.0
5 43 0.0
5 44 0.0
5 45 0.0
5 46 0.0
5 47 0.0
5 48 0.0
5 49 0.0
5 50 0.0
5 51 0.0
5 52 0.0
5 53 0.0
5 54 0.0
6 0 0.5747635339102435
6 1 0.47816462064801774
6 2 0.4181927953310525
6 3 0.646810223384987
6 4 0.41074662910042264
6 5 0.002414972831555645
6 6 0.0
6 7 0.6091768967599115
6 8 0.20346146105856308
6 9 0.15757697725900585
6 10 0.6367478365868384
6 11 0.4191990340108674
6 12 0.12577983497685652
6 13 0.25799959750452806
6 14 0.1422821493258201
6 15 0.005836184342926142
6 16 0.011068625477963372
6 17 0.018313543972630308
6 18 0.04065204266452002
6 19 0.01509358019722278
6 20 0.004024954719259408
6 21 0.026564701147112096
6 22 0.02414972831555645
6 23 0.026967196619038035
6 24 0.01469108472529684
6 25 0.015898571141074663
6 26 0.0911652243912256
6 27 0.0251559669953713
6 28 0.0517206681424834
6 29 0.06882672569933589
6 30 0.07506540551418797
6 32 0.15737572952304288
6 33 0.24129603541960154
6 34 0.21573757295230428
6 35 0.25337089957737974
6 36 0.14791708593278327
6 37 0.12839605554437514
6 38 0.08110283759307708
6 39 0.0482994566311129
6 40 0.06278929362044677
6 41 0.0571543570134836
6 42 0.00965989132622258
6 43 0.0142885892533709
6 44 0.02455222378748239
6 45 0.04165828134433488
6 46 0.031797142282149325
6 47 0.01006238679814852
6 48 0.00945864359025961
6 49 0.017709800764741396
6 50 0.012879855101630106
6 51 0.030589655866371503
6 52 0.13704970819078285
6 53 0.19017911048500705
6 54 0.15838196820285771
7 0 0.5655172413793104
7 1 0.2489432703003337
7 2 0.5229143492769744
7 3 0.33948832035595106
7 4 0.31624026696329255
7 5 0.0023359288097886542
7 6 0.639377085650723
7 7 0.0
7 8 0.4100111234705228
7 9 0.5402669632925473
7 10 0.5877641824249166
7 11 0.2987764182424917
7 12 0.1339265850945495
7 13 0.20556173526140156
7 14 0.15439377085650724
7 15 0.0026696329254727474
7 16 0.0031145717463848723
7 17 0.005339265850945495
7 18 0.035261401557285875
7 19 0.004560622914349277
7 20 0.007007786429365962
7 21 0.007452725250278087
7 22 0.009121245828698554
7 23 0.035261401557285875
7 24 0.026918798665183537
7 25 0.027252502780867632
7 26 0.0760845383759733
7 27 0.008676307007786429
7 28 0.03604004449388209
7 29 0.03581757508342603
7 30 0.03915461624026696
7 32 0.10200222469410455
7 33 0.2478309232480534
7 34 0.3353726362625139
7 35 0.31590656284760843
7 36 0.11101223581757508
7 37 0.13526140155728586
7 38 0.06718576195773081
7 39 0.03759733036707453
7 40 0.03648498331479422
7 41 0.0023359288097886542
7 42 0.00011123470522803115
7 43 0.008787541713014461
7 44 0.0
7 45 0.034482758620689655
7 46 0.013904338153503892
7 47 0.0
7 48 0.04171301446051168
7 49 0.00011123470522803115
7 50 0.0
7 51 0.003781979977753059
7 52 0.05517241379310345
7 53 0.07708565072302559
7 54 0.30634037819799775
8 0 0.4708512752567075
8 1 0.2340178867174561
8 2 0.3209672076846638
8 3 0.28519377277244123
8 4 0.258198078834051
8 5 0.003146737330241802
8 6 0.22441205697250746
8 7 0.4117257369990063
8 8 0.0
8 9 0.4870818151705863
8 10 0.4695263332229215
8 11 0.2934746604836038
8 12 0.1257038754554488
8 13 0.18979794633984762
8 14 0.17505796621397815
8 15 0.0
8 16 0.0
8 17 0.0
8 18 0.0033123550844650546
8 19 0.0
8 20 0.0004968532626697582
8 21 0.0008280887711162637
8 22 0.0008280887711162637
8 23 0.006624710168930109
8 24 0.00016561775422325274
8 25 0.0
8 26 0.05034779728386883
8 27 0.0034779728386883074
8 28 0.006459092414706857
8 29 0.027989400463729712
8 30 0.03527658164955283
8 32 0.04736667770785028
8 33 0.14276250414044386
8 34 0.1990725405763498
8 35 0.27625041404438555
8 36 0.07966213978138456
8 37 0.1268631997350116
8 38 0.028155018217952965
8 39 0.005299768135144088
8 40 0.053494534614110634
8 41 0.019046041735674063
8 42 0.0
8 43 0.0
8 44 0.0
8 45 0.0009937065253395165
8 46 0.00016561775422325274
8 47 0.0003312355084465055
8 48 0.0606160980457105
8 49 0.02020536601523683
8 50 0.0
8 51 0.004471679364027824
8 52 0.4312686319973501
8 53 0.3272606823451474
8 54 0.5842994368996356
9 0 0.22536031445625274
9 1 0.3029553064492648
9 2 0.08050662396273112
9 3 0.26161013247925463
9 4 0.22856310962294366
9 5 0.0017469791818314165
9 6 0.014994904644052991
9 7 0.6338622798078323
9 8 0.48609695734459163
9 9 0.0
9 10 0.6644344154898821
9 11 0.3517251419420585
9 12 0.026204687727471247
9 13 0.029116319697190276
9 14 0.04018052118212258
9 15 0.0
9 16 0.00014558159848595138
9 17 0.0
9 18 0.00043674479545785413
9 19 0.0
9 20 0.0
9 21 0.00014558159848595138
9 22 0.0
9 23 0.0
9 24 0.0
9 25 0.00014558159848595138
9 26 0.008152569515213277
9 27 0.0
9 28 0.0
9 29 0.00014558159848595138
9 30 0.00029116319697190275
9 32 0.03159120687145145
9 33 0.04673169311399039
9 34 0.20046586111515505
9 35 0.12680157228126365
9 36 0.04425680593972922
9 37 0.0952103654098122
9 38 0.0010190711894016596
9 39 0.00014558159848595138
9 40 0.0
9 41 0.0005823263939438055
9 42 0.0
9 43 0.0
9 44 0.00014558159848595138
9 45 0.0
9 46 0.0
9 47 0.0
9 48 0.001164652787887611
9 49 0.00043674479545785413
9 50 0.0
9 51 0.00029116319697190275
9 52 0.1119522492356966
9 53 0.12942204105401078
9 54 0.44868248653370213
10 0 0.4816308889209048
10 1 0.23267540700187292
10 2 0.12159631177063825
10 3 0.45771502665322
10 4 0.31061806656101426
10 5 0.0018729289727704942
10 6 0.5755654804783172
10 7 0.47356288719204725
10 8 0.32185564039763725
10 9 0.4823512462181242
10 10 0.0
10 11 0.6488978533352543
10 12 0.1846996110070595
10 13 0.2983719925082841
10 14 0.2930413485088604
10 15 0.013542717187725112
10 16 0.014263074484944531
10 17 0.003601786486097104
10 18 0.021610718916582623
10 19 0.0
10 20 0.00014407145944388418
10 21 0.006051001296643135
10 22 0.02074629015991932
10 23 0.006051001296643135
10 24 0.002737357729433799
10 25 0.006339144215530904
10 26 0.03918743696873649
10 27 0.022187004754358162
10 28 0.0682898717764011
10 29 0.07261201555971762
10 30 0.0482639389137012
10 32 0.08500216107189165
10 33 0.13427460020170004
10 34 0.18801325457426885
10 35 0.13585938625558278
10 36 0.14493588820054748
10 37 0.15775824809105315
10 38 0.08125630312635067
10 39 0.02521250540267973
10 40 0.059213369831436394
10 41 0.0005762858377755367
10 42 0.0
10 43 0.005474715458867598
10 44 0.0028814291888776835
10 45 0.010517216539403544
10 46 0.0004322143783316525
10 47 0.005906929837199251
10 48 0.05114536810257888
10 49 0.004898429621092062
10 50 0.001584786053882726
10 51 0.015271574701051721
10 52 0.15473274744273158
10 53 0.14853767468664458
10 54 0.1401815300388993
11 0 0.314933611815605
11 1 0.09294345815306579
11 2 0.04669550947337013
11 3 0.3671490377442936
11 4 0.201700731015963
11 5 0.0022378039683723706
11 6 0.36968521557511563
11 7 0.1914068327614501
11 8 0.1811129345069372
11 9 0.27510070117857677
11 10 0.7113232880799643
11 11 0.0
11 12 0.6344920184991795
11 13 0.7659257049082501
11 14 0.6652245263314933
11 15 0.027152021482918096
11 16 0.08160525137997911
11 17 0.06832761450096972
11 18 0.12531702222885274
11 19 0.0241682828584216
11 20 0.0019394301059227211
11 21 0.007011785767566761
11 22 0.025212591376995375
11 23 0.0007459346561241235
11 24 0.007459346561241235
11 25 0.0013426823810234222
11 26 0.007011785767566761
11 27 0.0011934954497985976
11 28 0.004624794867969566
11 29 0.008205281217365358
11 30 0.02058779650902581
11 32 0.04535282709234671
11 33 0.11039832910637028
11 34 0.04251827539907504
11 35 0.10428166492615247
11 36 0.09607638370878711
11 37 0.04341339698642399
11 38 0.014172758466358347
11 39 0.0002983738624496494
11 40 0.00537072952409369
11 41 0.0011934954497985976
11 42 0.0
11 43 0.0002983738624496494
11 44 0.0001491869312248247
11 45 0.0002983738624496494
11 46 0.0005967477248992988
11 47 0.0
11 48 0.00537072952409369
11 49 0.001641056243473072
11 50 0.0002983738624496494
11 51 0.00507235566164404
11 52 0.14292108011338206
11 53 0.03595405042518275
11 54 0.08145606444875429
12 0 0.3992294013040901
12 1 0.25963248369887376
12 2 0.06846473029045644
12 3 0.1022525192649674
12 4 0.22436277415530528
12 5 0.002074688796680498
12 6 0.12359217545939538
12 7 0.11055127445168939
12 8 0.056016597510373446
12 9 0.1763485477178423
12 10 0.31683461766449317
12 11 0.8257261410788381
12 12 0.0
12 13 0.8091286307053942
12 14 0.7329579134558387
12 15 0.02074688796680498
12 16 0.03852993479549496
12 17 0.033491404860699465
12 18 0.09276822762299941
12 19 0.0002963841138114997
12 20 0.0
12 21 0.0
12 22 0.0002963841138114997
12 23 0.0
12 24 0.0008891523414344991
12 25 0.0
12 26 0.0005927682276229994
12 27 0.0002963841138114997
12 28 0.0
12 29 0.003852993479549496
12 30 0.0
12 32 0.0002963841138114997
12 33 0.01926496739774748
12 34 0.00978067575577949
12 35 0.007409602845287492
12 36 0.014819205690574985
12 37 0.0017783046828689982
12 38 0.002963841138114997
12 39 0.0
12 40 0.0
12 41 0.0
12 42 0.0
12 43 0.0
12 44 0.0
12 45 0.0
12 46 0.0
12 47 0.0
12 48 0.0
12 49 0.0
12 50 0.0
12 51 0.0
12 52 0.02222880853586248
12 53 0.01985773562537048
12 54 0.23858921161825725
13 0 0.39145299145299145
13 1 0.20586080586080585
13 2 0.04542124542124542
13 3 0.2293040293040293
13 4 0.21782661782661783
13 5 0.001221001221001221
13 6 0.3357753357753358
13 7 0.1907203907203907
13 8 0.1409035409035409
13 9 0.12942612942612944
13 10 0.44932844932844934
13 11 0.8161172161172161
13 12 0.747008547008547
13 13 0.0
13 14 0.5367521367521367
13 15 0.04126984126984127
13 16 0.09694749694749695
13 17 0.1824175824175824
13 18 0.13797313797313798
13 19 0.04713064713064713
13 20 0.015384615384615385
13 21 0.0336996336996337
13 22 0.0735042735042735
13 23 0.02857142857142857
13 24 0.03907203907203907
13 25 0.012698412698412698
13 26 0.02905982905982906
13 27 0.006837606837606838
13 28 0.020024420024420023
13 29 0.0485958485958486
13 30 0.063003663003663
13 32 0.03540903540903541
13 33 0.050793650793650794
13 34 0.036141636141636145
13 35 0.10793650793650794
13 36 0.035897435897435895
13 37 0.04908424908424908
13 38 0.034432234432234435
13 39 0.007081807081807082
13 40 0.011965811965811965
13 41 0.008302808302808303
13 42 0.0
13 43 0.004395604395604396
13 44 0.0
13 45 0.002197802197802198
13 46 0.0
13 47 0.0002442002442002442
13 48 0.008547008547008546
13 49 0.002197802197802198
13 50 0.006349206349206349
13 51 0.005372405372405372
13 52 0.0905982905982906
13 53 0.12820512820512822
13 54 0.13113553113553114
14 0 0.005377456049638056
14 1 0.0006204756980351603
14 2 0.000827300930713547
14 3 0.02626680455015512
14 4 0.008479834539813857
14 5 0.0004136504653567735
14 6 0.011995863495346431
14 7 0.008273009307135471
14 8 0.026059979317476733
14 9 0.016339193381592555
14 10 0.33174767321613235
14 11 0.7462254395036194
14 12 0.609100310237849
14 13 0.48190279214064113
14 14 0.0
14 15 0.17745604963805583
14 16 0.4016546018614271
14 17 0.29286452947259567
14 18 0.4847983453981386
14 19 0.05046535677352637
14 20 0.12781799379524303
14 21 0.010134436401240952
14 22 0.10982419855222338
14 23 0.005584281282316443
14 24 0.06163391933815925
14 25 0.00020682523267838676
14 26 0.015925542916235783
14 27 0.0004136504653567735
14 28 0.0
14 29 0.0004136504653567735
14 30 0.00020682523267838676
14 32 0.0
14 33 0.00020682523267838676
14 34 0.001034126163391934
14 35 0.0006204756980351603
14 36 0.00020682523267838676
14 37 0.0
14 38 0.0
14 39 0.0
14 40 0.0
14 41 0.0
14 42 0.0
14 43 0.0
14 44 0.0
14 45 0.0
14 46 0.0
14 47 0.0
14 48 0.0
14 49 0.0
14 50 0.0
14 51 0.0
14 52 0.012616339193381593
14 53 0.0012409513960703205
14 54 0.0012409513960703205
15 0 0.003283302063789869
15 1 0.0
15 2 0.0
15 3 0.0
15 4 0.0
15 5 0.0
15 6 0.0
15 7 0.00046904315196998124
15 8 0.0
15 9 0.0
15 10 0.0009380863039399625
15 11 0.003283302063789869
15 12 0.00046904315196998124
15 13 0.00046904315196998124
15 14 0.299718574108818
15 15 0.0
15 16 0.2603189493433396
15 17 0.04878048780487805
15 18 0.6022514071294559
15 19 0.0014071294559099437
15 20 0.017354596622889306
15 21 0.00375234521575985
15 22 0.00375234521575985
15 23 0.0014071294559099437
15 24 0.005628517823639775
15 25 0.003283302063789869
15 26 0.00375234521575985
15 27 0.0023452157598499064
15 28 0.0
15 29 0.0
15 30 0.0014071294559099437
15 32 0.0
15 33 0.0
15 34 0.0
15 35 0.0
15 36 0.0
15 37 0.0
15 38 0.0
15 39 0.0
15 40 0.0
15 41 0.0
15 42 0.0
15 43 0.0
15 44 0.0
15 45 0.0
15 46 0.0
15 47 0.0
15 48 0.0
15 49 0.0
15 50 0.0
15 51 0.0
15 52 0.0
15 53 0.0
15 54 0.00046904315196998124
16 0 0.009634225996080993
16 1 0.0
16 2 0.0
16 3 0.00016329196603527107
16 4 0.0009797517962116264
16 5 0.0
16 6 0.0
16 7 0.0
16 8 0.00016329196603527107
16 9 0.0
16 10 0.0006531678641410843
16 11 0.11054866100587851
16 12 0.014859568909209668
16 13 0.09666884389288047
16 14 0.6814173742651861
16 15 0.30992815153494446
16 16 0.0
16 17 0.5236773350751143
16 18 0.6806009144350098
16 19 0.329523187459177
16 20 0.362671456564337
16 21 0.1980731548007838
16 22 0.372305682560418
16 23 0.29719137818419333
16 24 0.3094382756368387
16 25 0.09977139124755062
16 26 0.24853037230568256
16 27 0.0034291312867406926
16 28 0.002449379490529066
16 29 0.0009797517962116264
16 30 0.009307642064010451
16 32 0.0
16 33 0.0
16 34 0.00016329196603527107
16 35 0.0
16 36 0.0
16 37 0.0
16 38 0.00016329196603527107
16 39 0.0
16 40 0.0
16 41 0.0
16 42 0.0
16 43 0.0
16 44 0.0
16 45 0.0
16 46 0.0
16 47 0.0
16 48 0.0
16 49 0.0
16 50 0.0
16 51 0.0
16 52 0.0
16 53 0.0
16 54 0.0
17 0 0.03042016806722689
17 1 0.0
17 2 0.0
17 3 0.0018487394957983194
17 4 0.0005042016806722689
17 5 0.0
17 6 0.0
17 7 0.0
17 8 0.0
17 9 0.0
17 10 0.0
17 11 0.004705882352941177
17 12 0.001680672268907563
17 13 0.02621848739495798
17 14 0.24319327731092438
17 15 0.049411764705882356
17 16 0.2942857142857143
17 17 0.0
17 18 0.3556302521008403
17 19 0.5008403361344538
17 20 0.5751260504201681
17 21 0.4364705882352941
17 22 0.1826890756302521
17 23 0.28823529411764703
17 24 0.06470588235294118
17 25 0.010252100840336134
17 26 0.026050420168067228
17 27 0.002689075630252101
17 28 0.0020168067226890756
17 29 0.0015126050420168067
17 30 0.0013445378151260505
17 32 0.0
17 33 0.0
17 34 0.0001680672268907563
17 35 0.0
17 36 0.0
17 37 0.0001680672268907563
17 38 0.0001680672268907563
17 39 0.0
17 40 0.0
17 41 0.0
17 42 0.0
17 43 0.0
17 44 0.0
17 45 0.0
17 46 0.0
17 47 0.0
17 48 0.0
17 49 0.0
17 50 0.0
17 51 0.0
17 52 0.0
17 53 0.0
17 54 0.0003361344537815126
18 0 0.004814857273873667
18 1 0.00034391837670526195
18 2 0.00034391837670526195
18 3 0.00034391837670526195
18 4 0.0006878367534105239
18 5 0.0
18 6 0.00022927891780350797
18 7 0.00045855783560701593
18 8 0.00034391837670526195
18 9 0.00022927891780350797
18 10 0.00022927891780350797
18 11 0.036111429554052506
18 12 0.0006878367534105239
18 13 0.0032099048492491115
18 14 0.3651266766020864
18 15 0.19695059039321333
18 16 0.24601627880316404
18 17 0.2212541556803852
18 18 0.0
18 19 0.041270205204631434
18 20 0.5287171844548894
18 21 0.7150063051702396
18 22 0.7476785509572395
18 23 0.6023157170698155
18 24 0.6928808896022011
18 25 0.3329129886506936
18 26 0.23982574802246934
18 27 0.020061905307806948
18 28 0.01238106156138943
18 29 0.0013756735068210478
18 30 0.0013756735068210478
18 32 0.00045855783560701593
18 33 0.0
18 34 0.00034391837670526195
18 35 0.00011463945890175398
18 36 0.00034391837670526195
18 37 0.00045855783560701593
18 38 0.00022927891780350797
18 39 0.00011463945890175398
18 40 0.0
18 41 0.0
18 42 0.0
18 43 0.0
18 44 0.0
18 45 0.0
18 46 0.0
18 47 0.0
18 48 0.0
18 49 0.0
18 50 0.0
18 51 0.0
18 52 0.00022927891780350797
18 53 0.0
18 54 0.0
19 0 0.09015055323780156
19 1 0.00018138944313440957
19 2 0.0
19 3 0.006711409395973154
19 4 0.00018138944313440957
19 5 0.0
19 6 0.0
19 7 0.00018138944313440957
19 8 0.0
19 9 0.0
19 10 0.00036277888626881915
19 11 0.05151460185017232
19 12 0.00036277888626881915
19 13 0.023943406493742065
19 14 0.28115363685833483
19 15 0.045891529113005626
19 16 0.5089787774351533
19 17 0.7801559949210956
19 18 0.49573734808634135
19 19 0.0
19 20 0.43479049519317975
19 21 0.8011971703246871
19 22 0.5450752766189008
19 23 0.7418828224197351
19 24 0.25031743152548525
19 25 0.0700163250498821
19 26 0.5053509885724651
19 27 0.13785597678215128
19 28 0.05133321240703791
19 29 0.0023580627607473247
19 30 0.017776165427172138
19 32 0.001269726101940867
19 33 0.0
19 34 0.0009069472156720479
19 35 0.0
19 36 0.0
19 37 0.00036277888626881915
19 38 0.00036277888626881915
19 39 0.0
19 40 0.0
19 41 0.0
19 42 0.0
19 43 0.0
19 44 0.0
19 45 0.0
19 46 0.0
19 47 0.0
19 48 0.0
19 49 0.0
19 50 0.0
19 51 0.0
19 52 0.0
19 53 0.0
19 54 0.0
20 0 0.283225374134465
20 1 0.009939691757873577
20 2 0.009492964038418584
20 3 0.020326111235202143
20 4 0.004690641054277418
20 5 0.00011168192986374806
20 6 0.0
20 7 0.0013401831583649765
20 8 0.00033504578959124413
20 9 0.00011168192986374806
20 10 0.0
20 11 0.009381282108554836
20 12 0.002233638597274961
20 13 0.013848559303104758
20 14 0.33850792941702035
20 15 0.19589010498101406
20 16 0.4109895018985928
20 17 0.5610900156354702
20 18 0.6942148760330579
20 19 0.313379495197677
20 20 0.0
20 21 0.6164842528478892
20 22 0.6807013625195444
20 23 0.6486486486486487
20 24 0.6255304891668528
20 25 0.45153004243913336
20 26 0.4962028143846326
20 27 0.22358722358722358
20 28 0.05528255528255528
20 29 0.009939691757873577
20 30 0.10431092249274067
20 32 0.02412329685056958
20 33 0.00915791824882734
20 34 0.016305561760107216
20 35 0.022671431762340852
20 36 0.015858834040652223
20 37 0.0171990171990172
20 38 0.026133571588117042
20 39 0.012731740004467277
20 40 0.04925173106991289
20 41 0.04936341299977664
20 42 0.026580299307572035
20 43 0.041657359839178024
20 44 0.04310922492740674
20 45 0.04567790931427295
20 46 0.03383962474871566
20 47 0.01775742684833594
20 48 0.03406298860844315
20 49 0.011279874916238553
20 50 0.01027473754746482
20 51 0.02010274737547465
20 52 0.00044672771945499217
20 53 0.0
20 54 0.0
21 0 0.656332744924978
21 1 0.016328331862312445
21 2 0.007612533097969991
21 3 0.09223300970873786
21 4 0.09135039717563989
21 5 0.0005516328331862312
21 6 0.01831421006178288
21 7 0.008605472197705208
21 8 0.0005516328331862312
21 9 0.002206531332744925
21 10 0.00706090026478376
21 11 0.11275375110326567
21 12 0.00088261253309797
21 13 0.1001765225066196
21 14 0.19285083848190643
21 15 0.1379082082965578
21 16 0.24393203883495146
21 17 0.5027581641659311
21 18 0.7124889673433363
21 19 0.4608340688437776
21 20 0.5270300088261254
21 21 0.0
21 22 0.6995807590467784
21 23 0.6831421006178288
21 24 0.5731465136804943
21 25 0.3928729037952339
21 26 0.6041482789055604
21 27 0.1991394527802295
21 28 0.14022506619593997
21 29 0.21601941747572817
21 30 0.05593556928508385
21 32 0.07259488084730803
21 33 0.006729920564872021
21 34 0.01853486319505737
21 35 0.05063989408649603
21 36 0.03210503089143866
21 37 0.03740070609002648
21 38 0.008715798764342454
21 39 0.0012135922330097086
21 40 0.0002206531332744925
21 41 0.0
21 42 0.0
21 43 0.0
21 44 0.0
21 45 0.0
21 46 0.0
21 47 0.0
21 48 0.0
21 49 0.0
21 50 0.0
21 51 0.0
21 52 0.0
21 53 0.0
21 54 0.0
22 0 0.5950142600612655
22 1 0.026830041195732544
22 2 0.015210732016478294
22 3 0.06939896482518221
22 4 0.030527094116404353
22 5 0.00010563008344776593
22 6 0.01785148410267244
22 7 0.012464349846836378
22 8 0.017428963768881377
22 9 0.0016900813351642548
22 10 0.03591422837224041
22 11 0.12052392521390091
22 12 0.013837540931657335
22 13 0.12749551072145346
22 14 0.2830886236400127
22 15 0.12348156755043836
22 16 0.3175240308439844
22 17 0.4045632196049435
22 18 0.706242737931763
22 19 0.30960177458540195
22 20 0.597021231646773
22 21 0.6825815992394634
22 22 0.0
22 23 0.7452202387239886
22 24 0.7679307066652583
22 25 0.47258899334530474
22 26 0.36812084081546426
22 27 0.203971691137636
22 28 0.23460441533748813
22 29 0.20418295130453154
22 30 0.13404457589521496
22 32 0.13488961656279708
22 33 0.07256786732861518
22 34 0.051441850639062
22 35 0.09147565226576529
22 36 0.032745325868807434
22 37 0.07732122108376466
22 38 0.03422414703707616
22 39 0.011091158762015422
22 40 0.01658392310129925
22 41 0.004436463504806169
22 42 0.00010563008344776593
22 43 0.00010563008344776593
22 44 0.0
22 45 0.0035914228372240413
22 46 0.0
22 47 0.0
22 48 0.00010563008344776593
22 49 0.0
22 50 0.0
22 51 0.0
22 52 0.0
22 53 0.00010563008344776593
22 54 0.0
23 0 0.7383985441310282
23 1 0.07666060054595086
23 2 0.07984531392174704
23 3 0.08109645131938126
23 4 0.0517515923566879
23 5 0.0006824385805277526
23 6 0.034804367606915375
23 7 0.06733393994540492
23 8 0.046974522292993634
23 9 0.0019335759781619654
23 10 0.02240673339399454
23 11 0.08268880800727935
23 12 0.0077343039126478615
23 13 0.0818926296633303
23 14 0.16298908098271156
23 15 0.12045040946314832
23 16 0.2762738853503185
23 17 0.3705641492265696
23 18 0.5768880800727935
23 19 0.33712465878070974
23 20 0.45348043676069155
23 21 0.5763193812556869
23 22 0.6774340309372157
23 23 0.0
23 24 0.6902866242038217
23 25 0.3494085532302093
23 26 0.5573248407643312
23 27 0.35737033666969975
23 28 0.28059599636032756
23 29 0.24818016378525934
23 30 0.16185168334849864
23 32 0.16162420382165604
23 33 0.06517288444040037
23 34 0.12443130118289354
23 35 0.0921292083712466
23 36 0.07006369426751592
23 37 0.10327570518653321
23 38 0.034121929026387623
23 39 0.025818926296633304
23 40 0.02570518653321201
23 41 0.038444040036396725
23 42 0.00022747952684258417
23 43 0.0003412192902638763
23 44 0.0
23 45 0.00022747952684258417
23 46 0.0
23 47 0.0
23 48 0.0
23 49 0.0
23 50 0.0
23 51 0.0
23 52 0.0
23 53 0.0
23 54 0.0186533212010919
24 0 0.7299345062283292
24 1 0.01386926929497881
24 2 0.02003338898163606
24 3 0.08604083729292411
24 4 0.06369590342879157
24 5 0.0007705149608321562
24 6 0.003724155644022088
24 7 0.025170155387183767
24 8 0.0003852574804160781
24 9 0.006292538846795942
24 10 0.0020547065622190832
24 11 0.0702452805958649
24 12 0.028894311031205856
24 13 0.08180300500834725
24 14 0.21137793758828816
24 15 0.1281623218184153
24 16 0.25093103891100554
24 17 0.2777706433799923
24 18 0.5284448439707204
24 19 0.1806857583151406
24 20 0.38911005522023884
24 21 0.40195197123410814
24 22 0.6178245794272506
24 23 0.6128162321818416
24 24 0.0
24 25 0.5936817773211763
24 26 0.6305380762809811
24 27 0.370232438679851
24 28 0.2635161166045974
24 29 0.1404905611917298
24 30 0.14138949531270065
24 32 0.07461153204058045
24 33 0.08578399897264671
24 34 0.03762681392063696
24 35 0.062411711827404646
24 36 0.07127263387697444
24 37 0.09040708873763965
24 38 0.06575060999101066
24 39 0.0041094131244381665
24 40 0.029407987671760626
24 41 0.003980993964299473
24 42 0.0020547065622190832
24 43 0.003980993964299473
24 44 0.0
24 45 0.0
24 46 0.0
24 47 0.0
24 48 0.0
24 49 0.0
24 50 0.0
24 51 0.0
24 52 0.0
24 53 0.0
24 54 0.0
25 0 0.7777777777777778
25 1 0.032671629445823
25 2 0.015439757375241246
25 3 0.1264130135097877
25 4 0.07706093189964158
25 5 0.0005514199062586159
25 6 0.013234077750206782
25 7 0.05762338020402537
25 8 0.0033085194375516956
25 9 0.025089605734767026
25 10 0.016680452164323133
25 11 0.01902398676592225
25 12 0.005238489109456851
25 13 0.04728425696167632
25 14 0.07182244279018472
25 15 0.145023435346016
25 16 0.20857457954232148
25 17 0.20002757099531293
25 18 0.5033085194375517
25 19 0.13702784670526605
25 20 0.39702233250620345
25 21 0.39564378274055695
25 22 0.48497380755445274
25 23 0.4473393989523022
25 24 0.7550317066446098
25 25 0.0
25 26 0.7976288944030879
25 27 0.3643507030603805
25 28 0.5802315963606286
25 29 0.23352633030052386
25 30 0.2453818582850841
25 32 0.16459884201819686
25 33 0.09773917838433968
25 34 0.09939343810311552
25 35 0.10283981251723187
25 36 0.1419906258615936
25 37 0.06465398400882272
25 38 0.033774469258340226
25 39 0.01833471188309898
25 40 0.04521643231320651
25 41 0.0024813895781637717
25 42 0.005100634132892197
25 43 0.006341328921974083
25 44 0.00013785497656465398
25 45 0.00027570995312930797
25 46 0.0
25 47 0.0
25 48 0.00013785497656465398
25 49 0.0
25 50 0.0
25 51 0.0
25 52 0.0
25 53 0.0
25 54 0.0009649848359525779
26 0 0.7345132743362832
26 1 0.08975979772439949
26 2 0.05885658098047478
26 3 0.14679027953364238
26 4 0.07683663435875825
26 5 0.0008428150021070375
26 6 0.0539401601348504
26 7 0.05731142014327855
26 8 0.04495013344570867
26 9 0.07753898019384745
26 10 0.03076274757690687
26 11 0.03581963758954909
26 12 0.0404551201011378
26 13 0.05000702345835089
26 14 0.12726506531816267
26 15 0.06026127265065318
26 16 0.1748841129372103
26 17 0.16294423374069392
26 18 0.30186823992133727
26 19 0.18865009130495855
26 20 0.2640820339935384
26 21 0.41241747436437703
26 22 0.2025565388397247
26 23 0.41157465936227
26 24 0.6478437982862761
26 25 0.6993959825818233
26 26 0.0
26 27 0.32940019665683384
26 28 0.5585054080629301
26 29 0.3690125017558646
26 30 0.27840988902935804
26 32 0.21000140469167017
26 33 0.11658940862480685
26 34 0.08638853771597134
26 35 0.07908414103104369
26 36 0.16912487708947885
26 37 0.15915156623121224
26 38 0.06616097766540244
26 39 0.045512010113780026
26 40 0.04129793510324484
26 41 0.014749262536873156
26 42 0.01685630004214075
26 43 0.009551903357213091
26 44 0.0008428150021070375
26 45 0.014749262536873156
26 46 0.0015451608371962354
26 47 0.004214075010535188
26 48 0.006321112515802781
26 49 0.0007023458350891979
26 50 0.0
26 51 0.0
26 52 0.01685630004214075
26 53 0.032588846748138785
26 54 0.04354544177553027
27 0 0.7218664226898445
27 1 0.06526379993900579
27 2 0.12839280268374503
27 3 0.13937175968283014
27 4 0.10186032326928941
27 5 0.001219884111009454
27 6 0.0359865812747789
27 7 0.03324184202500762
27 8 0.036596523330283626
27 9 0.03446172613601708
27 10 0.06038426349496798
27 11 0.09911558401951814
27 12 0.03385178408051235
27 13 0.05275998780115889
27 14 0.0878316559926807
27 15 0.04818542238487344
27 16 0.05611466910643489
27 17 0.13754193351631594
27 18 0.2799634034766697
27 19 0.1704788045135712
27 20 0.17962793534614213
27 21 0.1872522110399512
27 22 0.23269289417505337
27 23 0.471485208905154
27 24 0.616651418115279
27 25 0.3504117108874657
27 26 0.6514181152790485
27 27 0.0
27 28 0.4354986276303751
27 29 0.38609332113449224
27 30 0.3110704483074108
27 32 0.10308020738029887
27 33 0.17169868862458065
27 34 0.17840805123513265
27 35 0.16864897834705703
27 36 0.1781030802073803
27 37 0.11924367185117414
27 38 0.17383348581884722
27 39 0.021347971942665446
27 40 0.08508691674290943
27 41 0.029277218664226896
27 42 0.034156755108264714
27 43 0.033546813052759986
27 44 0.01372369624885636
27 45 0.0021347971942665446
27 46 0.020433058859408357
27 47 0.009149130832570906
27 48 0.023787740164684355
27 49 0.0
27 50 0.0
27 51 0.0036596523330283625
27 52 0.0003049710277523635
27 53 0.0
27 54 0.014333638304361086
28 0 0.8212945590994372
28 1 0.17600844277673547
28 2 0.05804409005628518
28 3 0.12640712945590993
28 4 0.06308630393996248
28 5 0.0011726078799249532
28 6 0.06894934333958724
28 7 0.05968574108818011
28 8 0.03599906191369606
28 9 0.02204502814258912
28 10 0.09545028142589118
28 11 0.08477954971857411
28 12 0.00375234521575985
28 13 0.05628517823639775
28 14 0.08008911819887429
28 15 0.043151969981238276
28 16 0.06414165103189494
28 17 0.1201923076923077
28 18 0.2319418386491557
28 19 0.09674015009380862
28 20 0.06578330206378986
28 21 0.10600375234521577
28 22 0.22584427767354598
28 23 0.3106238273921201
28 24 0.3681988742964353
28 25 0.5830206378986866
28 26 0.7429643527204502
28 27 0.3106238273921201
28 28 0.0
28 29 0.3725375234521576
28 30 0.5186444652908068
28 32 0.24964821763602252
28 33 0.1049484052532833
28 34 0.1950046904315197
28 35 0.1750703564727955
28 36 0.1622889305816135
28 37 0.17190431519699811
28 38 0.08196529080675422
28 39 0.04842870544090056
28 40 0.08958724202626642
28 41 0.021106941838649158
28 42 0.012429643527204503
28 43 0.024859287054409006
28 44 0.007621951219512195
28 45 0.013367729831144466
28 46 0.006566604127579737
28 47 0.0016416510318949342
28 48 0.004807692307692308
28 49 0.00011726078799249531
28 50 0.0
28 51 0.0
28 52 0.00011726078799249531
28 53 0.020403377110694183
28 54 0.03576454033771107
29 0 0.8255216693418941
29 1 0.08121990369181381
29 2 0.09695024077046549
29 3 0.2364365971107544
29 4 0.07495987158908507
29 5 0.0006420545746388443
29 6 0.07303370786516854
29 7 0.05762439807383628
29 8 0.04044943820224719
29 9 0.058426966292134834
29 10 0.09438202247191012
29 11 0.060834670947030496
29 12 0.0492776886035313
29 13 0.09598715890850722
29 14 0.04670947030497592
29 15 0.009630818619582664
29 16 0.04221508828250401
29 17 0.08956661316211878
29 18 0.11027287319422151
29 19 0.04253611556982344
29 20 0.029534510433386837
29 21 0.16613162118780095
29 22 0.19823434991974317
29 23 0.2879614767255217
29 24 0.18314606741573033
29 25 0.1707865168539326
29 26 0.6719101123595506
29 27 0.365008025682183
29 28 0.385553772070626
29 29 0.0
29 30 0.5195826645264847
29 32 0.5057784911717496
29 33 0.17383627608346708
29 34 0.18731942215088282
29 35 0.15553772070626004
29 36 0.1898876404494382
29 37 0.2682182985553772
29 38 0.12231139646869985
29 39 0.018940609951845908
29 40 0.0841091492776886
29 41 0.03434991974317817
29 42 0.0077046548956661316
29 43 0.04462279293739968
29 44 0.0038523274478330658
29 45 0.027608346709470304
29 46 0.0038523274478330658
29 47 0.01059390048154093
29 48 0.004815409309791332
29 49 0.005457463884430177
29 50 0.0
29 51 0.0
29 52 0.018780096308186195
29 53 0.03579454253611557
29 54 0.02712680577849117
30 0 0.7663551401869159
30 1 0.25165260998404376
30 2 0.13015728288124004
30 3 0.24458627763847732
30 4 0.18805561887394576
30 5 0.0018235696375655346
30 6 0.0667882379758377
30 7 0.05265557328470481
30 8 0.04513334852974698
30 9 0.053795304308183266
30 10 0.055846820150444496
30 11 0.0866195577843629
30 12 0.03761112377478915
30 13 0.102803738317757
30 14 0.03647139275131069
30 15 0.023250512878960565
30 16 0.04992021882835651
30 17 0.09550945976749486
30 18 0.16480510599498518
30 19 0.06154547526783679
30 20 0.08502393435149305
30 21 0.039434693412354685
30 22 0.11648051059949852
30 23 0.15158422612263506
30 24 0.1971734670617734
30 25 0.19147481194438112
30 26 0.5571005242762708
30 27 0.2427627080009118
30 28 0.5201732391155687
30 29 0.5103715523136539
30 30 0.0
30 32 0.4583998176430362
30 33 0.2505128789605653
30 34 0.2783223159334397
30 35 0.2801458855710052
30 36 0.3004330977889218
30 37 0.1502165488944609
30 38 0.16845224527011626
30 39 0.030544791429222704
30 40 0.06336904490540232
30 41 0.030316845224527014
30 42 0.030772737633918395
30 43 0.03419193070435377
30 44 0.01891953498974242
30 45 0.02530202872122179
30 46 0.018691588785046728
30 47 0.009573740597219056
30 48 0.03236836106678824
30 49 0.0
30 50 0.0
30 51 0.003419193070435377
30 52 0.0022794620469569183
30 53 0.03259630727148393
30 54 0.02644175974470025
31 0 0.8236438822670883
31 1 0.3277791291656531
31 2 0.12989540257844806
31 3 0.11298954025784481
31 4 0.16066650450012163
31 5 0.0009729992702505473
31 6 0.12721965458525905
31 7 0.056555582583313065
31 8 0.049014838238871324
31 9 0.1294089029433228
31 10 0.09657017757236683
31 11 0.05181221114084164
31 12 0.03441984918511311
31 13 0.04804183896862078
31 14 0.04463634152274386
31 15 0.01532473850644612
31 16 0.017027487229384578
31 17 0.03685234736073948
31 18 0.06677207492094381
31 19 0.03527122354658234
31 20 0.046339090245682314
31 21 0.11444903916322063
31 22 0.05132571150571637
31 23 0.1961809778642666
31 24 0.18085623935782047
31 25 0.1122597908051569
31 26 0.344928241303819
31 27 0.11663828752128436
31 28 0.4044028216978837
31 29 0.2622233033325225
31 30 0.26015567988324007
31 32 0.5597178302116274
31 33 0.16589637557771833
31 34 0.27025054731208953
31 35 0.4592556555582583
31 36 0.2667234249574313
31 37 0.2827779129165653
31 38 0.1843833617124787
31 39 0.07285332036000973
31 40 0.13828752128435903
31 41 0.037460471904646075
31 42 0.03125760155679883
31 43 0.032108975918268064
31 31 0.0
31 44 0.01836536122597908
31 45 0.004621746533690099
31 46 0.02079785940160545
31 47 0.015932863050352714
31 48 0.040379469715397714
31 49 0.009000243249817562
31 50 0.0
31 51 0.002067623449282413
31 52 0.015811238141571395
31 53 0.028825103381172463
31 54 0.047798589151058134
32 0 0.776478449716004
32 1 0.13498162378884063
32 2 0.1376545272302038
32 3 0.4009355162044771
32 4 0.17273638489809556
32 5 0.0010023387905111927
32 6 0.1800868693618443
32 7 0.11693952555963916
32 8 0.05111927831607083
32 9 0.15870364183093885
32 10 0.14901436685599734
32 11 0.1506849315068493
32 12 0.0410958904109589
32 13 0.07617774807885065
32 14 0.035415970598062146
32 15 0.001670564650851988
32 16 0.004009355162044771
32 17 0.028733711994654194
32 18 0.07383895756765786
32 19 0.03441363180755095
32 20 0.055128633478115606
32 21 0.04376879385232209
32 22 0.1232876712328767
32 23 0.1540260608085533
32 24 0.08085532910123622
32 25 0.09989976612094888
32 26 0.4610758436351487
32 27 0.08052121617106582
32 28 0.2930170397594387
32 29 0.494153023722018
32 30 0.4717674574006014
32 32 0.0
32 33 0.2602739726027397
32 34 0.6495155362512529
32 35 0.35482793184096223
32 36 0.28265953892415635
32 37 0.3334447043100568
32 38 0.08118944203140661
32 39 0.04443701971266288
32 40 0.049448713665218844
32 41 0.05679919812896759
32 42 0.02505846976277982
32 43 0.03942532576010692
32 44 0.01971266288005346
32 45 0.023053792181757436
32 46 0.021383227530905446
32 47 0.0003341129301703976
32 48 0.01670564650851988
32 49 0.0
32 50 0.0
32 51 0.0023387905111927833
32 52 0.028065486134313398
32 53 0.03441363180755095
32 54 0.05846976277981958
33 0 0.7341772151898734
33 1 0.5772679324894515
33 2 0.48813291139240506
33 3 0.6843354430379747
33 4 0.4567510548523207
33 5 0.0018459915611814346
33 6 0.24841772151898733
33 7 0.2521097046413502
33 8 0.11577004219409283
33 9 0.15137130801687765
33 10 0.18644514767932488
33 11 0.17695147679324896
33 12 0.07937763713080169
33 13 0.0936181434599156
33 14 0.08834388185654009
33 15 0.0015822784810126582
33 16 0.010548523206751054
33 17 0.036128691983122366
33 18 0.038765822784810125
33 19 0.0013185654008438818
33 20 0.03401898734177215
33 21 0.012394514767932489
33 22 0.05907172995780591
33 23 0.046413502109704644
33 24 0.07990506329113924
33 25 0.04931434599156118
33 26 0.20806962025316456
33 27 0.1640295358649789
33 28 0.09335443037974683
33 29 0.18064345991561181
33 30 0.23285864978902954
33 32 0.2022679324894515
33 33 0.0
33 34 0.15427215189873417
33 35 0.21255274261603377
33 36 0.6162974683544303
33 37 0.18644514767932488
33 38 0.08623417721518987
33 39 0.13792194092827004
33 40 0.06935654008438819
33 41 0.03982067510548523
33 42 0.025580168776371308
33 43 0.03823839662447257
33 44 0.021624472573839662
33 45 0.03481012658227848
33 46 0.02610759493670886
33 47 0.006329113924050633
33 48 0.034282700421940926
33 49 0.012921940928270042
33 50 0.010548523206751054
33 51 0.013976793248945149
33 52 0.03665611814345992
33 53 0.05590717299578059
33 54 0.06856540084388185
34 0 0.7888812313347117
34 1 0.27199632437399496
34 2 0.461750516884907
34 3 0.578451642545371
34 4 0.44314266023432114
34 5 0.0013783597518952446
34 6 0.18447048012864692
34 7 0.2894555478980014
34 8 0.15414656558695153
34 9 0.226280725936136
34 10 0.22214564668045025
34 11 0.1153227659085688
34 12 0.04158051918217322
34 13 0.06271536871123363
34 14 0.06960716747070986
34 15 0.002526992878474615
34 16 0.011026878015161957
34 17 0.04249942568343671
34 18 0.04410751206064783
34 19 0.03009418791637951
34 20 0.034229267172065245
34 21 0.018148403399954056
34 22 0.04066161268090972
34 23 0.08568803124282104
34 24 0.027567195037904894
34 25 0.0452561451872272
34 26 0.13347116930852285
34 27 0.11739030553641167
34 28 0.1509303928325293
34 29 0.14403859407305308
34 30 0.23822651045256146
34 32 0.5203308063404548
34 33 0.1330117160578911
34 34 0.0
34 35 0.6106133700895934
34 36 0.40156214105214794
34 37 0.2706179646220997
34 38 0.10337698139214335
34 39 0.11578221915920055
34 40 0.13875488169078795
34 41 0.05260739719733517
34 42 0.0257293820353779
34 43 0.03560762692396049
34 44 0.02963473466574776
34 45 0.038823799678382724
34 46 0.025499655410062026
34 47 0.018607856650585803
34 48 0.0257293820353779
34 49 0.017229496898690556
34 50 0.0
34 51 0.018607856650585803
34 52 0.04663450493912245
34 53 0.03308063404548587
34 54 0.06593154146565587
35 0 0.7642327510368229
35 1 0.30187256503707427
35 2 0.3521427673746387
35 3 0.3356792761090863
35 4 0.22634158602488375
35 5 0.0012567550584391101
35 6 0.1630011310795526
35 7 0.24871182606509992
35 8 0.18398894055548573
35 9 0.15206736207113233
35 10 0.1220309161744376
35 11 0.12140253864521805
35 12 0.043483725021993214
35 13 0.08960663566670855
35 14 0.056051275606384315
35 15 0.007791881362322483
35 16 0.0017594570818147543
35 17 0.022370240040216163
35 18 0.023878346110343094
35 19 0.011562146537639813
35 20 0.025260776674626114
35 21 0.01847429935905492
35 22 0.04247832097524192
35 23 0.03342968455448033
35 24 0.029031041849943446
35 25 0.031418876460977754
35 26 0.07276611788362448
35 27 0.0981525700640945
35 28 0.09274852331280634
35 29 0.08596204599723514
35 30 0.19077541787105692
35 32 0.2313686062586402
35 33 0.1516903355536006
35 34 0.6028654015332412
35 35 0.0
35 36 0.5529722257132085
35 37 0.6154329521176323
35 38 0.33216036194545684
35 39 0.20233756440869674
35 40 0.07477692597712705
35 41 0.0627120774161116
35 42 0.06924720371999497
35 43 0.08156340329269825
35 44 0.044489129068744505
35 45 0.0399648108583637
35 46 0.045620208621339704
35 47 0.026140505215533492
35 48 0.06032424280507729
35 49 0.01834862385321101
35 50 0.008420258891542038
35 51 0.02086213397008923
35 52 0.01721754430061581
35 53 0.043986427045368856
35 54 0.06145532235767249
36 0 0.7372425554243736
36 1 0.30447330447330445
36 2 0.21881149153876428
36 3 0.28964974419519873
36 4 0.23429096156368884
36 5 0.0019677292404565133
36 6 0.07306834579561852
36 7 0.0695264331627968
36 8 0.051948051948051945
36 9 0.11019283746556474
36 10 0.1313131313131313
36 11 0.11373475009838646
36 12 0.05168568804932441
36 13 0.048012593467138924
36 14 0.04604486422668241
36 15 0.0
36 16 0.00695264331627968
36 17 0.013118194936376755
36 18 0.031746031746031744
36 19 0.0027548209366391185
36 20 0.020726747999475274
36 21 0.01823429096156369
36 22 0.025055752328479602
36 23 0.03410730683457956
36 24 0.03712449166994621
36 25 0.049062049062049064
36 26 0.22576413485504396
36 27 0.08054571690935328
36 28 0.07647907647907648
36 29 0.10087891906073725
36 30 0.17329135510953694
36 32 0.14692378328741965
36 33 0.44837990292535745
36 34 0.338580611307884
36 35 0.5072805981896891
36 36 0.0
36 37 0.4065328610783156
36 38 0.37281910009182734
36 39 0.2828282828282828
36 40 0.20267611176702086
36 41 0.21526957890594253
36 42 0.11124229306047488
36 43 0.22130394857667585
36 44 0.047356683720320085
36 45 0.0747737111373475
36 46 0.025974025974025972
36 47 0.052079233897415714
36 48 0.08684245047881411
36 49 0.00852682670864489
36 50 0.008264462809917356
36 51 0.03620621802439984
36 52 0.012593467138921684
36 53 0.03200839564475928
36 54 0.03764921946740129
37 0 0.7404768074630733
37 1 0.26366934438973827
37 2 0.16895568800207308
37 3 0.32223373931070226
37 4 0.23270277273905157
37 5 0.0014252396994039907
37 6 0.06828193832599119
37 7 0.07955428867582275
37 8 0.06711583311738792
37 9 0.1277533039647577
37 10 0.1368230111427831
37 11 0.07786991448561803
37 12 0.034076185540295414
37 13 0.05986006737496761
37 14 0.056361751749157814
37 15 0.0
37 16 0.001295672454003628
37 17 0.025654314589271834
37 18 0.03200310961388961
37 19 0.0111427831044312
37 20 0.01684374190204716
37 21 0.019435086810054417
37 22 0.03368748380409432
37 23 0.042368489245918635
37 24 0.043534594454521895
37 25 0.024229074889867842
37 26 0.1904638507385333
37 27 0.045737237626328066
37 28 0.08745789064524488
37 29 0.14058046125939364
37 30 0.08305260430163254
37 32 0.17426794506348794
37 33 0.09354755117906194
37 34 0.17465664679968904
37 35 0.5724280901788028
37 36 0.3784659238144597
37 37 0.0
37 38 0.5374449339207048
37 39 0.42912671676600156
37 40 0.5155480694480435
37 41 0.1838559212231148
37 42 0.1438196423944027
37 43 0.23982897123607153
37 44 0.07178025395180099
37 45 0.10572687224669604
37 46 0.05713915522155999
37 47 0.05597305001295672
37 48 0.07061414874319771
37 49 0.04949468774293859
37 50 0.01490023322104172
37 51 0.03420575278569578
37 52 0.025913449080072558
37 53 0.040165846074112464
37 54 0.03368748380409432
38 0 0.6704515792221352
38 1 0.08901070216653616
38 2 0.12738188462542416
38 3 0.17397546332550248
38 4 0.2341425215348473
38 5 0.0009135995823544767
38 6 0.05938397285304098
38 7 0.05338031845471156
38 8 0.044766379535369355
38 9 0.060297572435395456
38 10 0.07413208039676325
38 11 0.05768728791438267
38 12 0.04659357870007831
38 13 0.05899243017488906
38 14 0.027016444792482382
38 15 0.0015661707126076742
38 16 0.00026102845210127906
38 17 0.024797702949621508
38 18 0.0274079874706343
38 19 0.025972330984077262
38 20 0.027669015922735577
38 21 0.012529365700861394
38 22 0.025189245627773426
38 23 0.02192638997650744
38 24 0.041895066562255286
38 25 0.021012790394152964
38 26 0.08483424693291569
38 27 0.1040198381623597
38 28 0.0541634038110154
38 29 0.08091882015139651
38 30 0.11250326285565126
38 32 0.05625163142782563
38 33 0.06643174105977552
38 34 0.08901070216653616
38 35 0.33046202036021927
38 36 0.4143826677107805
38 37 0.6147220046985121
38 38 0.0
38 39 0.34599321326024535
38 40 0.7644218219785957
38 41 0.5699556251631428
38 42 0.3407726442182198
38 43 0.44975202297050376
38 44 0.12137823022709475
38 45 0.23505612111720178
38 46 0.1892456277734273
38 47 0.09892978334638476
38 48 0.21286870268859306
38 49 0.1027146959018533
38 50 0.04072043852779953
38 51 0.1370399373531715
38 52 0.04594100756982511
38 53 0.03641346906812842
38 54 0.03262855651265988
39 0 0.6233084225409008
39 1 0.16299737426782468
39 2 0.2094526358311452
39 3 0.1971318925469602
39 4 0.056756210866491616
39 5 0.00040395879620278735
39 6 0.07756008887093517
39 7 0.08301353261967279
39 8 0.044637446980407995
39 9 0.06523934558675015
39 10 0.07614623308422541
39 11 0.04403150878610382
39 12 0.013128660876590589
39 13 0.04928297313674005
39 14 0.00222177337911533
39 15 0.0
39 16 0.0
39 17 0.0
39 18 0.018178145829125428
39 19 0.0
39 20 0.008685114118359927
39 21 0.017370228236719853
39 22 0.018986063421531005
39 23 0.028883053928499294
39 24 0.016764290042415673
39 25 0.022419713189254696
39 26 0.1175520096950111
39 27 0.026257321753181177
39 28 0.07453039789941426
39 29 0.02807513633609372
39 30 0.05796808725509998
39 32 0.06321955160573621
39 33 0.22116744092102605
39 34 0.23833568975964453
39 35 0.43647747929711167
39 36 0.5568572005655423
39 37 0.7137951928903252
39 38 0.6378509392042012
39 39 0.0
39 40 0.7523732579276914
39 41 0.2130882649969703
39 42 0.3379115330236316
39 43 0.4704100181781458
39 44 0.24439507170268632
39 45 0.2969097152090487
39 46 0.09048677034942436
39 47 0.07594425368612401
39 48 0.18521510805897798
39 49 0.015350434255705918
39 50 0.028277115734195113
39 51 0.07735810947283377
39 52 0.03130680670571602
39 53 0.012522722682286406
39 54 0.03716420925065643
40 0 0.57183908045977
40 1 0.22327586206896552
40 2 0.08635057471264368
40 3 0.21192528735632185
40 4 0.09022988505747126
40 5 0.0010057471264367816
40 6 0.051867816091954025
40 7 0.044971264367816094
40 8 0.053591954022988504
40 9 0.04324712643678161
40 10 0.07169540229885057
40 11 0.055459770114942526
40 12 0.04123563218390804
40 13 0.0360632183908046
40 14 0.04439655172413793
40 15 0.0
40 16 0.0011494252873563218
40 17 0.033764367816091954
40 18 0.02586206896551724
40 19 0.0
40 20 0.06652298850574713
40 21 0.0028735632183908046
40 22 0.016522988505747127
40 23 0.017385057471264367
40 24 0.02586206896551724
40 25 0.02456896551724138
40 26 0.055028735632183905
40 27 0.0507183908045977
40 28 0.07313218390804598
40 29 0.07011494252873564
40 30 0.05775862068965517
40 32 0.04123563218390804
40 33 0.06091954022988506
40 34 0.14655172413793102
40 35 0.10488505747126436
40 36 0.2775862068965517
40 37 0.6001436781609195
40 38 0.7616379310344827
40 39 0.6004310344827586
40 40 0.0
40 41 0.3785919540229885
40 42 0.4961206896551724
40 43 0.6705459770114942
40 44 0.16939655172413792
40 45 0.4025862068965517
40 46 0.16235632183908047
40 47 0.17183908045977012
40 48 0.3843390804597701
40 49 0.11652298850574713
40 50 0.0735632183908046
40 51 0.1485632183908046
40 52 0.04181034482758621
40 53 0.011781609195402299
40 54 0.025
41 0 0.5425760836151245
41 1 0.11527820473409162
41 2 0.1275745465723947
41 3 0.09114663387642176
41 4 0.08730402705195205
41 5 0.0006148170919151552
41 6 0.09898555179834
41 7 0.02720565631724562
41 8 0.052105748539809406
41 9 0.11205041500153703
41 10 0.01291115893021826
41 11 0.08100215185982171
41 12 0.00046111281893636643
41 13 0.04718721180448816
41 14 0.01429449738702736
41 15 0.0
41 16 0.0
41 17 0.0
41 18 0.0006148170919151552
41 19 0.0
41 20 0.06778358438364586
41 21 0.001690747002766677
41 22 0.011988933292345526
41 23 0.032431601598524436
41 24 0.0192130341223486
41 25 0.0029203811865969875
41 26 0.04518905625576391
41 27 0.029357516138948662
41 28 0.03074085459575776
41 29 0.04242237934214571
41 30 0.04734091607746695
41 32 0.08499846295727022
41 33 0.05779280664002459
41 34 0.11696895173685828
41 35 0.17629880110667076
41 36 0.3810328927144175
41 37 0.39640332001229633
41 38 0.7262526898247771
41 39 0.21948970181371041
41 40 0.5521057485398094
41 41 0.0
41 42 0.6658469105441132
41 43 0.5771595450353519
41 44 0.3751921303412235
41 45 0.49892407008914846
41 46 0.419920073778051
41 47 0.4065478020288964
41 48 0.47709806332616045
41 49 0.24700276667691362
41 50 0.2196434060866892
41 51 0.12465416538579772
41 52 0.060098370734706426
41 53 0.05010759299108515
41 54 0.04150015370427298
42 0 0.5899490167516388
42 1 0.02855061908230153
42 2 0.07064821558630735
42 3 0.11172614712308813
42 4 0.05491624180626366
42 5 0.00043699927166788056
42 6 0.030152949745083757
42 7 0.011070648215586306
42 8 0.004078659868900218
42 9 0.009031318281136198
42 10 0.006846321922796795
42 11 0.0649672250546249
42 12 0.0001456664238892935
42 13 0.009468317552804079
42 14 0.0
42 15 0.0
42 16 0.0
42 17 0.0
42 18 0.008448652585579024
42 19 0.0
42 20 0.04136926438455936
42 21 0.003641660597232338
42 22 0.01165331391114348
42 23 0.0062636562272396215
42 24 0.040349599417334306
42 25 0.02738528769118718
42 26 0.07050254916241806
42 27 0.06569555717407137
42 28 0.03525127458120903
42 29 0.02039329934450109
42 30 0.08346686088856518
42 32 0.04850691915513474
42 33 0.07458120903131828
42 34 0.09089584850691916
42 35 0.2521485797523671
42 36 0.3008011653313911
42 37 0.37130371449380917
42 38 0.5522214129643117
42 39 0.35193008011653315
42 40 0.6330662782228696
42 41 0.66598689002185
42 42 0.0
42 43 0.3178441369264385
42 44 0.6030589949016751
42 45 0.5044428259286234
42 46 0.5801893663510561
42 47 0.46817188638018936
42 48 0.6256372906045157
42 49 0.3010924981791697
42 50 0.23044428259286234
42 51 0.21893663510560815
42 52 0.06409322651128915
42 53 0.05710123816460306
42 54 0.03743627093954843
43 0 0.6082043343653251
43 1 0.10975232198142415
43 2 0.11037151702786378
43 3 0.1458204334365325
43 4 0.11160990712074303
43 5 0.001238390092879257
43 6 0.029876160990712074
43 7 0.04721362229102167
43 8 0.019814241486068113
43 9 0.043343653250773995
43 10 0.025077399380804954
43 11 0.019969040247678017
43 12 0.01888544891640867
43 13 0.05603715170278638
43 14 0.020278637770897834
43 15 0.0
43 16 0.0
43 17 0.0
43 18 0.0
43 19 0.0
43 20 0.04489164086687306
43 21 0.0
43 22 0.00804953560371517
43 23 0.0027863777089783283
43 24 0.021362229102167184
43 25 0.031578947368421054
43 26 0.04767801857585139
43 27 0.05851393188854489
43 28 0.06160990712074303
43 29 0.08359133126934984
43 30 0.08452012383900928
43 32 0.06547987616099071
43 33 0.0869969040247678
43 34 0.10371517027863777
43 35 0.25139318885448914
43 36 0.4630030959752322
43 37 0.5212074303405573
43 38 0.7125386996904025
43 39 0.47987616099071206
43 40 0.7637770897832817
43 41 0.621517027863777
43 42 0.27476780185758515
43 43 0.0
43 44 0.34055727554179566
43 45 0.4057275541795666
43 46 0.3823529411764706
43 47 0.4043343653250774
43 48 0.25557275541795665
43 49 0.2452012383900929
43 50 0.12848297213622292
43 51 0.2410216718266254
43 52 0.1303405572755418
43 53 0.026470588235294117
43 54 0.025386996904024767
44 0 0.5028563466629511
44 1 0.0622822906506897
44 2 0.10728716734011426
44 3 0.13668663787097673
44 4 0.08569039988853282
44 5 0.0005573359342343597
44 6 0.06660164414100599
44 7 0.009196042914866935
44 8 0.008638706980632576
44 9 0.04305420091960429
44 10 0.025219451024104778
44 11 0.02508011704054619
44 12 0.0
44 13 0.0
44 14 0.0
44 15 0.0
44 16 0.0
44 17 0.0
44 18 0.0
44 19 0.0
44 20 0.055594259439877385
44 21 0.0
44 22 0.0
44 23 0.0
44 24 0.00013933398355858994
44 25 0.006130695276577958
44 26 0.017974083879058102
44 27 0.019646091681761183
44 28 0.028006130695276577
44 29 0.008499372997073986
44 30 0.048348892294830706
44 32 0.05573359342343598
44 33 0.05016023408109238
44 34 0.1106311829455204
44 35 0.19743625470252196
44 36 0.2077469694858576
44 37 0.3128047930890344
44 38 0.4223213041660861
44 39 0.3350982304584088
44 40 0.43695137243973803
44 41 0.4862756026194789
44 42 0.7589522084436394
44 43 0.4192559565277971
44 44 0.0
44 45 0.8095304444754076
44 46 0.6477636895638846
44 47 0.625888254145186
44 48 0.7119966559843945
44 49 0.3721610700849937
44 50 0.28201198272258604
44 51 0.3767590915424272
44 52 0.052110909850912636
44 53 0.04556221262365891
44 54 0.06520830430542009
45 0 0.5627129823018577
45 1 0.09035945916236122
45 2 0.051665384192590966
45 3 0.11223480268220291
45 4 0.07496977025392987
45 5 0.0006595580960756293
45 6 0.05771133340661756
45 7 0.08211498296141585
45 8 0.038144443223040565
45 9 0.03429702099593272
45 10 0.07178190612289766
45 11 0.057601407057271625
45 12 0.00010992634934593822
45 13 0.023963944157414534
45 14 0.012641530174782895
45 15 0.0
45 16 0.0
45 17 0.0
45 18 0.00010992634934593822
45 19 0.0
45 20 0.059030449598768825
45 21 0.0
45 22 0.013301088270858526
45 23 0.00868418159832912
45 24 0.0007694844454215675
45 25 0.00010992634934593822
45 26 0.04320105529295372
45 27 0.0007694844454215675
45 28 0.018247773991425745
45 29 0.03693525338023524
45 30 0.03935363306584588
45 32 0.02649225019237111
45 33 0.06947345278663296
45 34 0.09508629218423656
45 35 0.10904693855117072
45 36 0.2111685170935473
45 37 0.29108497306804443
45 38 0.414642189732879
45 39 0.2821809387710234
45 40 0.5257777289216226
45 41 0.47565131361987467
45 42 0.44080466087721226
45 43 0.3592393096625261
45 44 0.7306804441024514
45 45 0.0
45 46 0.6248213696823128
45 47 0.6363636363636364
45 48 0.7108937012201825
45 49 0.4570737605804111
45 50 0.3097724524568539
45 51 0.45652412883368143
45 52 0.16620864021105858
45 53 0.11058590744201385
45 54 0.07266131691766517
46 0 0.4796146953405018
46 1 0.023745519713261647
46 2 0.04189068100358423
46 3 0.09845430107526881
46 4 0.10741487455197132
46 5 0.0008960573476702509
46 6 0.06810035842293907
46 7 0.06630824372759857
46 8 0.028449820788530467
46 9 0.04939516129032258
46 10 0.00985663082437276
46 11 0.07482078853046595
46 12 0.0003360215053763441
46 13 0.00022401433691756272
46 14 0.0
46 15 0.0
46 16 0.0
46 17 0.0
46 18 0.0
46 19 0.0
46 20 0.04917114695340502
46 21 0.0
46 22 0.0
46 23 0.0
46 24 0.0
46 25 0.0
46 26 0.00985663082437276
46 27 0.012208781362007167
46 28 0.015120967741935484
46 29 0.00739247311827957
46 30 0.022625448028673834
46 32 0.03763440860215054
46 33 0.04872311827956989
46 34 0.08221326164874553
46 35 0.18033154121863798
46 36 0.09363799283154121
46 37 0.24988799283154123
46 38 0.434923835125448
46 39 0.11346326164874553
46 40 0.38653673835125446
46 41 0.506160394265233
46 42 0.6861559139784946
46 43 0.3913530465949821
46 44 0.5852374551971327
46 45 0.7348790322580645
46 46 0.0
46 47 0.35114247311827956
46 48 0.8326612903225806
46 49 0.4718862007168459
46 50 0.336581541218638
46 51 0.48588709677419356
46 52 0.2055331541218638
46 53 0.13082437275985662
46 54 0.036738351254480286
47 0 0.5663078459660414
47 1 0.10476084785262457
47 2 0.08178892464765287
47 3 0.07646210187548552
47 4 0.08278770391743424
47 5 0.000776828320941072
47 6 0.019531683497946956
47 7 0.0038841416047053602
47 8 0.06458772611252914
47 9 0.0281877705027189
47 10 0.07279991121962047
47 11 0.024969481744534457
47 12 0.0
47 13 0.002219509488403063
47 14 0.0
47 15 0.0
47 16 0.0
47 17 0.0
47 18 0.0
47 19 0.0
47 20 0.036067029186549776
47 21 0.0
47 22 0.0
47 23 0.0
47 24 0.0004439018976806126
47 25 0.0
47 26 0.03850848962379314
47 27 0.012207302186216845
47 28 0.00843413605593164
47 29 0.023415825102652315
47 30 0.015092664521140829
47 32 0.0004439018976806126
47 33 0.008212185107091333
47 34 0.0405060481633559
47 35 0.13494617689490623
47 36 0.20474975030518255
47 37 0.26767284430140936
47 38 0.3645544334702031
47 39 0.1361669071135279
47 40 0.43802019753634447
47 41 0.6125846187992454
47 42 0.6215736322272778
47 43 0.5070469426256797
47 44 0.6534235933858618
47 45 0.8108977915880591
47 46 0.3881922095216957
47 47 0.0
47 48 0.7653978470757963
47 49 0.39718122294972813
47 50 0.25424481189657083
47 51 0.33270447231161915
47 52 0.30351792253911886
47 53 0.1835534346909333
47 54 0.050160914437909224
48 0 0.41964380932067824
48 1 0.06622587181401302
48 2 0.06110696384771249
48 3 0.04212434680601472
48 4 0.09118054814972806
48 5 0.00042657566385837685
48 6 0.0012797269915751305
48 7 0.06430628132665031
48 8 0.09246027514130319
48 9 0.13586434893889304
48 10 0.09544630478831183
48 11 0.09683267569585155
48 12 0.0368987949237496
48 13 0.029007145142369628
48 14 0.05566812413351818
48 15 0.0
48 16 0.0
48 17 0.0
48 18 0.0
48 19 0.0
48 20 0.036258931427962035
48 21 0.0
48 22 0.0
48 23 0.0
48 24 0.0
48 25 0.0
48 26 0.01599658739468913
48 27 0.00479897621840674
48 28 0.0022395222352564787
48 29 0.0012797269915751305
48 30 0.03732537058760798
48 32 0.006291991041911059
48 33 0.02751413031886531
48 34 0.026874266823077742
48 35 0.12477338167857524
48 36 0.17468273435000534
48 37 0.17084355337527993
48 38 0.34286018982617045
48 39 0.13501119761117628
48 40 0.4118588034552629
48 41 0.3896768689346273
48 42 0.5037858590167431
48 43 0.18545376986242934
48 44 0.4715793963954356
48 45 0.6551135757705023
48 46 0.8078276634318012
48 47 0.48992214994134586
48 48 0.0
48 49 0.3760264476911592
48 50 0.3840247413885038
48 51 0.5250079982936974
48 52 0.31715900607870323
48 53 0.16956382638370482
48 54 0.0646262130745441
49 0 0.4844554983123113
49 1 0.0074613608100906025
49 2 0.015455675963759106
49 3 0.03801740984189021
49 4 0.09433291881328833
49 5 0.0005329543435779002
49 6 0.03304316930182981
49 7 0.012968555693728904
49 8 0.10392609699769054
49 9 0.16006395452122935
49 10 0.06448747557292592
49 11 0.11458518386924853
49 12 0.0017765144785930006
49 13 0.044412861964825016
49 14 0.038905667081186715
49 15 0.0
49 16 0.0
49 17 0.0
49 18 0.0
49 19 0.0
49 20 0.005862497779356901
49 21 0.0
49 22 0.0
49 23 0.0
49 24 0.0
49 25 0.0
49 26 0.019541659264523007
49 27 0.0
49 28 0.0019541659264523006
49 29 0.010126132527980104
49 30 0.0
49 32 0.0012435601350151003
49 33 0.03215491206253331
49 34 0.03197726061467401
49 35 0.07408065375732813
49 36 0.03997157576834251
49 37 0.2714514123290105
49 38 0.3645407710072837
49 39 0.019186356368804405
49 40 0.37164682892165574
49 41 0.4004263634748623
49 42 0.43187066974595845
49 43 0.35548054716645944
49 44 0.4387990762124711
49 45 0.7836205365073725
49 46 0.6315508971398117
49 47 0.4407532421389234
49 48 0.7337004796589092
49 49 0.0
49 50 0.3899449280511636
49 51 0.4942263279445728
49 52 0.3247468466868005
49 53 0.09237875288683603
49 54 0.09006928406466513
50 0 0.3201772899957788
50 1 0.0
50 2 0.02448290417897847
50 3 0.036935415787252006
50 4 0.06986070071760236
50 5 0.0008442380751371887
50 6 0.04390037990713381
50 7 0.01646264246517518
50 8 0.0599409033347404
50 9 0.1787674124102997
50 10 0.06964964119881807
50 11 0.13676656817222457
50 12 0.0
50 13 0.058463486703250314
50 14 0.005276487969607429
50 15 0.0
50 16 0.0
50 17 0.0
50 18 0.0
50 19 0.0
50 20 0.0371464753060363
50 21 0.0
50 22 0.0
50 23 0.0
50 24 0.0
50 25 0.0
50 26 0.0
50 27 0.0
50 28 0.0
50 29 0.0
50 30 0.0
50 32 0.00021105951878429716
50 33 0.02912621359223301
50 34 0.0
50 35 0.06141831996623048
50 36 0.04622203461376108
50 37 0.10468552131701139
50 38 0.21844660194174756
50 39 0.07682566483748417
50 40 0.32608695652173914
50 41 0.3588011819333052
50 42 0.35120303925707047
50 43 0.23068805403123682
50 44 0.3742085268045589
50 45 0.5966652596032082
50 46 0.4938792739552554
50 47 0.3520472773322077
50 48 0.7752216124947235
50 49 0.4603208104685521
50 50 0.0
50 51 0.6935415787252005
50 52 0.6931194596876319
50 53 0.139932460953989
50 54 0.26171380329252847
51 0 0.37529098769537744
51 1 0.037745261057532425
51 2 0.019122048553375456
51 3 0.04572663784502827
51 4 0.10409045560359162
51 5 0.0008313934153641503
51 6 0.046225473894246756
51 7 0.02427668772863319
51 8 0.05354173594945128
51 9 0.10043232457598936
51 10 0.08463584968407051
51 11 0.13318922514133688
51 12 0.059694047223145995
51 13 0.0221150648486864
51 14 0.009145327569005653
51 15 0.0
51 16 0.0
51 17 0.0
51 18 0.0
51 19 0.0
51 20 0.0392417692051879
51 21 0.0
51 22 0.0
51 23 0.0
51 24 0.0
51 25 0.0
51 26 0.0009976720984369804
51 27 0.0019953441968739607
51 28 0.0
51 29 0.0
51 30 0.002327901563019621
51 32 0.0019953441968739607
51 33 0.011140671765879614
51 34 0.030595277685400733
51 35 0.060359161955437314
51 36 0.11439973395410709
51 37 0.12537412703691386
51 38 0.30179580977718656
51 39 0.09860325906218823
51 40 0.3247422680412371
51 41 0.17376122381110742
51 42 0.20768207515796475
51 43 0.28766212171599603
51 44 0.3468573328899235
51 45 0.6112404389757233
51 46 0.5532091785833056
51 47 0.2826737612238111
51 48 0.7712005320917859
51 49 0.3779514466245427
51 50 0.4358164283338876
51 51 0.0
51 52 0.6774193548387096
51 53 0.2532424343199202
51 54 0.24027269704023943
52 0 0.48520971302428256
52 1 0.05408388520971302
52 2 0.06622516556291391
52 3 0.10507726269315673
52 4 0.2770419426048565
52 5 0.0013245033112582781
52 6 0.20088300220750552
52 7 0.0977924944812362
52 8 0.42891832229580573
52 9 0.2865342163355408
52 10 0.30485651214128034
52 11 0.30353200883002207
52 12 0.1011037527593819
52 13 0.14812362030905077
52 14 0.13509933774834437
52 15 0.0011037527593818985
52 16 0.0024282560706401766
52 17 0.013686534216335542
52 18 0.03532008830022075
52 19 0.0
52 20 0.0011037527593818985
52 21 0.0
52 22 0.0
52 23 0.0
52 24 0.003532008830022075
52 25 0.0
52 26 0.0282560706401766
52 27 0.0
52 28 0.0004415011037527594
52 29 0.012803532008830021
52 30 0.0008830022075055188
52 32 0.018763796909492272
52 33 0.034657836644591614
52 34 0.06777041942604857
52 35 0.025827814569536423
52 36 0.018322295805739516
52 37 0.05607064017660044
52 38 0.06578366445916115
52 39 0.017439293598233995
52 40 0.054304635761589407
52 41 0.04150110375275938
52 42 0.029139072847682117
52 43 0.08013245033112583
52 44 0.016556291390728478
52 45 0.11655629139072848
52 46 0.10816777041942605
52 47 0.19050772626931567
52 48 0.44304635761589406
52 49 0.18874172185430463
52 50 0.4116997792494481
52 51 0.5980132450331126
52 52 0.0
52 53 0.4551876379690949
52 54 0.6240618101545254
53 0 0.38265556099951004
53 1 0.14919157275845174
53 2 0.15948064674179324
53 3 0.116609505144537
53 4 0.4059284664380206
53 5 0.002449779519843214
53 6 0.3397844194022538
53 7 0.11685448309652131
53 8 0.5791278784909358
53 9 0.3924546790788829
53 10 0.3606075453209211
53 11 0.19132778049975502
53 12 0.10901518863302302
53 13 0.2266046055854973
53 14 0.10779029887310142
53 15 0.0014698677119059284
53 16 0.001224889759921607
53 17 0.0
53 18 0.002449779519843214
53 19 0.0
53 20 0.0
53 21 0.0
53 22 0.0002449779519843214
53 23 0.0
53 24 0.0
53 25 0.0
53 26 0.019598236158745713
53 27 0.0
53 28 0.0009799118079372856
53 29 0.017883390494855465
53 30 0.012493875551200392
53 32 0.009554140127388535
53 33 0.06957373836354729
53 34 0.02082312591866732
53 35 0.09162175404213621
53 36 0.02253797158255757
53 37 0.08133268005879471
53 38 0.01935325820676139
53 39 0.0
53 40 0.0017148456638902498
53 41 0.010534051935325821
53 42 0.006369426751592357
53 43 0.0034296913277804997
53 44 0.002204801567858893
53 45 0.08280254777070063
53 46 0.06516413522782949
53 47 0.09701126898579128
53 48 0.2070063694267516
53 49 0.02449779519843214
53 50 0.024742773150416463
53 51 0.2508574228319451
53 52 0.6648701616854483
53 53 0.0
53 54 0.8182263596276335
54 0 0.5390376334019846
54 1 0.12057667103538663
54 2 0.1544654559071335
54 3 0.20089870810709606
54 4 0.399925107657742
54 5 0.0022467702677401234
54 6 0.20801348062160643
54 7 0.47575360419397117
54 8 0.7017412469574986
54 9 0.5841602696124322
54 10 0.2765399737876802
54 11 0.2885227485489609
54 12 0.236472570679648
54 13 0.2329151844223928
54 14 0.1439805279910129
54 15 0.0001872308556450103
54 16 0.0022467702677401234
54 17 0.004493540535480247
54 18 0.0
54 19 0.0
54 20 0.0
54 21 0.0
54 22 0.0
54 23 0.0014978468451600825
54 24 0.0
54 25 0.0
54 26 0.06515633776446358
54 27 0.0001872308556450103
54 28 0.026961243212881483
54 29 0.029395244336266616
54 30 0.022280471821756225
54 32 0.08837296386444486
54 33 0.11290020595394121
54 34 0.12226174873619172
54 35 0.1310615989515072
54 36 0.03370155401610185
54 37 0.06440741434188355
54 38 0.014791237595955815
54 39 0.0014978468451600825
54 40 0.009736004493540536
54 41 0.006740310803220371
54 42 0.0001872308556450103
54 43 0.0
54 44 0.001310615989515072
54 45 0.03201647631529676
54 46 0.004306309679835237
54 47 0.005804156524995319
54 48 0.0400674031080322
54 49 0.039318479685452164
54 50 0.10934281969668601
54 51 0.2091368657554765
54 52 0.691256319041378
54 53 0.7406852649316608
54 54 0.0
 0 31 
1 31 0.5104013705335291
2 31 0.2760227107293638
3 31 0.14941588785046728
4 31 0.2836206896551724
5 31 0.0
6 31 0.271301535974131
7 31 0.09419308227219363
8 31 0.08753529649052037
9 31 0.18539197812215133
10 31 0.14227319177926648
11 31 0.03343967860096892
12 31 0.028076171875
13 31 0.04796064767370363
14 31 0.0
15 31 0.0009049773755656109
16 31 0.00027037988373665
17 31 0.0036059240180296203
18 31 0.0007393715341959334
19 31 0.012072434607645875
20 31 0.09812747569319409
21 31 0.2332214765100671
22 31 0.1285934291581109
23 31 0.31176197117619714
24 31 0.2768147345612134
25 31 0.32368125701459033
26 31 0.35464387464387465
27 31 0.3019062339000515
28 31 0.648677046518292
29 31 0.5820465846637006
30 31 0.5788438851749902
32 31 0.7325708061002179
33 31 0.426612721959991
34 31 0.4843445957898461
35 31 0.6049482047671729
36 31 0.3808033385498174
37 31 0.3464508621601608
38 31 0.2895679662802951
39 31 0.23066345823306977
40 31 0.2286536248561565
41 31 0.13627498781082398
42 31 0.15638483965014577
43 31 0.13680372186596254
44 31 0.08308383233532934
45 31 0.02849740932642487
46 31 0.08655701552880639
47 31 0.08676770362492245
48 31 0.09373653829585595
49 31 0.03848989824509659
50 31 0.0008563110121596164
51 31 0.005716675962074735
52 31 0.029411764705882353
53 31 0.040601210228381805
54 31 0.12091404358353511

